Floyd-Warshall Algorithm 
Graph of N = 100 
0 ,349 ,374 ,190 ,125 ,254 ,298 ,290 ,791 ,943 ,822 ,486 ,13 ,917 ,751 ,397 ,190 ,102 ,819 ,324 ,179 ,641 ,22 ,856 ,796 ,643 ,803 ,260 ,169 ,2 ,216 ,118 ,217 ,223 ,649 ,68 ,225 ,156 ,111 ,218 ,648 ,345 ,328 ,774 ,815 ,572 ,728 ,736 ,833 ,93 ,242 ,INF ,294 ,356 ,199 ,483 ,973 ,644 ,22 ,683 ,442 ,168 ,591 ,689 ,369 ,614 ,782 ,441 ,163 ,598 ,800 ,182 ,147 ,411 ,344 ,839 ,354 ,733 ,911 ,741 ,895 ,488 ,928 ,884 ,830 ,354 ,193 ,521 ,211 ,29 ,652 ,925 ,158 ,462 ,386 ,185 ,474 ,593 ,728 ,INF ,
215 ,0 ,668 ,189 ,328 ,101 ,420 ,310 ,912 ,872 ,38 ,649 ,273 ,93 ,631 ,240 ,757 ,528 ,5 ,655 ,180 ,313 ,330 ,482 ,376 ,384 ,578 ,912 ,486 ,973 ,326 ,216 ,899 ,317 ,123 ,55 ,671 ,517 ,248 ,970 ,336 ,569 ,545 ,716 ,487 ,874 ,523 ,595 ,21 ,383 ,885 ,582 ,866 ,416 ,304 ,17 ,566 ,946 ,970 ,830 ,846 ,133 ,499 ,268 ,665 ,671 ,29 ,378 ,496 ,107 ,476 ,251 ,578 ,828 ,26 ,308 ,704 ,580 ,976 ,709 ,220 ,869 ,631 ,917 ,329 ,166 ,644 ,809 ,80 ,574 ,737 ,425 ,944 ,677 ,435 ,542 ,318 ,687 ,273 ,790 ,
260 ,311 ,0 ,339 ,91 ,141 ,931 ,637 ,544 ,585 ,407 ,379 ,785 ,251 ,747 ,472 ,144 ,289 ,721 ,106 ,714 ,INF ,281 ,371 ,404 ,784 ,415 ,735 ,944 ,611 ,156 ,567 ,208 ,298 ,195 ,405 ,310 ,498 ,656 ,236 ,93 ,940 ,107 ,443 ,INF ,258 ,231 ,628 ,823 ,938 ,276 ,497 ,787 ,259 ,758 ,118 ,418 ,235 ,501 ,706 ,327 ,386 ,341 ,174 ,758 ,723 ,66 ,713 ,252 ,957 ,584 ,391 ,476 ,540 ,838 ,807 ,799 ,97 ,71 ,188 ,119 ,811 ,713 ,573 ,839 ,369 ,546 ,690 ,342 ,767 ,821 ,900 ,943 ,847 ,643 ,267 ,379 ,749 ,142 ,813 ,
876 ,428 ,603 ,0 ,528 ,132 ,115 ,101 ,585 ,74 ,559 ,37 ,756 ,664 ,INF ,479 ,141 ,359 ,654 ,222 ,242 ,576 ,307 ,839 ,817 ,183 ,926 ,108 ,867 ,872 ,782 ,701 ,411 ,812 ,975 ,938 ,868 ,285 ,768 ,750 ,398 ,490 ,130 ,422 ,380 ,869 ,391 ,464 ,321 ,111 ,165 ,INF ,957 ,111 ,436 ,504 ,285 ,395 ,334 ,663 ,854 ,270 ,555 ,558 ,666 ,500 ,315 ,761 ,753 ,447 ,736 ,725 ,282 ,718 ,641 ,738 ,467 ,718 ,242 ,929 ,704 ,950 ,766 ,737 ,334 ,323 ,930 ,407 ,582 ,440 ,960 ,11 ,642 ,564 ,743 ,932 ,494 ,393 ,902 ,627 ,
940 ,625 ,776 ,200 ,0 ,584 ,383 ,15 ,138 ,926 ,698 ,955 ,508 ,721 ,934 ,398 ,10 ,392 ,496 ,100 ,528 ,103 ,589 ,677 ,273 ,180 ,944 ,583 ,28 ,674 ,960 ,868 ,61 ,878 ,389 ,131 ,INF ,471 ,50 ,730 ,466 ,670 ,972 ,320 ,662 ,185 ,212 ,882 ,606 ,700 ,194 ,268 ,268 ,938 ,115 ,501 ,787 ,244 ,535 ,611 ,239 ,759 ,370 ,INF ,943 ,268 ,513 ,704 ,827 ,917 ,52 ,411 ,435 ,552 ,722 ,713 ,108 ,368 ,395 ,289 ,305 ,719 ,8 ,INF ,264 ,79 ,322 ,163 ,817 ,259 ,858 ,INF ,673 ,65 ,46 ,599 ,756 ,819 ,487 ,946 ,
833 ,216 ,62 ,771 ,149 ,0 ,647 ,821 ,INF ,898 ,873 ,1 ,456 ,43 ,951 ,488 ,894 ,289 ,449 ,451 ,134 ,19 ,416 ,120 ,713 ,908 ,450 ,945 ,130 ,237 ,908 ,138 ,628 ,523 ,444 ,28 ,INF ,648 ,27 ,520 ,960 ,890 ,163 ,315 ,330 ,459 ,381 ,605 ,724 ,820 ,699 ,600 ,260 ,387 ,916 ,6 ,393 ,378 ,657 ,684 ,32 ,874 ,346 ,780 ,422 ,335 ,535 ,416 ,166 ,267 ,196 ,603 ,968 ,932 ,601 ,463 ,650 ,15 ,292 ,437 ,262 ,313 ,519 ,376 ,763 ,142 ,476 ,734 ,684 ,506 ,927 ,874 ,88 ,482 ,528 ,867 ,702 ,565 ,380 ,348 ,
549 ,978 ,193 ,563 ,54 ,525 ,0 ,25 ,559 ,702 ,218 ,605 ,919 ,725 ,INF ,907 ,899 ,301 ,475 ,428 ,58 ,165 ,471 ,726 ,439 ,67 ,268 ,167 ,383 ,192 ,878 ,114 ,56 ,846 ,338 ,620 ,596 ,714 ,543 ,440 ,434 ,771 ,624 ,344 ,503 ,296 ,580 ,70 ,180 ,955 ,976 ,74 ,795 ,817 ,284 ,139 ,22 ,663 ,359 ,56 ,860 ,871 ,303 ,539 ,24 ,94 ,910 ,706 ,850 ,118 ,657 ,465 ,52 ,926 ,213 ,117 ,963 ,796 ,131 ,332 ,914 ,623 ,509 ,327 ,926 ,113 ,873 ,414 ,188 ,201 ,786 ,456 ,328 ,452 ,862 ,38 ,112 ,790 ,774 ,235 ,
798 ,554 ,662 ,251 ,119 ,714 ,779 ,0 ,242 ,793 ,439 ,839 ,520 ,142 ,176 ,531 ,339 ,141 ,453 ,557 ,979 ,465 ,806 ,220 ,890 ,495 ,103 ,462 ,262 ,889 ,693 ,180 ,72 ,408 ,660 ,400 ,978 ,428 ,INF ,887 ,83 ,497 ,652 ,624 ,297 ,360 ,521 ,745 ,593 ,696 ,578 ,514 ,671 ,15 ,709 ,649 ,756 ,572 ,472 ,133 ,957 ,16 ,41 ,868 ,338 ,407 ,710 ,554 ,928 ,198 ,633 ,889 ,148 ,74 ,143 ,907 ,330 ,557 ,944 ,42 ,598 ,790 ,459 ,179 ,104 ,580 ,612 ,58 ,125 ,121 ,337 ,335 ,371 ,116 ,656 ,747 ,824 ,460 ,61 ,764 ,
591 ,5 ,911 ,726 ,665 ,801 ,538 ,956 ,0 ,724 ,548 ,117 ,242 ,7 ,109 ,348 ,INF ,359 ,751 ,184 ,173 ,213 ,283 ,448 ,728 ,241 ,68 ,7 ,26 ,405 ,118 ,539 ,974 ,442 ,205 ,748 ,760 ,367 ,132 ,246 ,163 ,812 ,516 ,859 ,582 ,888 ,849 ,73 ,393 ,892 ,429 ,212 ,288 ,676 ,771 ,959 ,509 ,557 ,431 ,57 ,260 ,890 ,606 ,215 ,705 ,910 ,668 ,689 ,209 ,299 ,204 ,853 ,359 ,4 ,854 ,5 ,676 ,552 ,772 ,INF ,164 ,808 ,103 ,468 ,841 ,186 ,122 ,632 ,886 ,282 ,163 ,52 ,383 ,578 ,538 ,882 ,712 ,176 ,2 ,393 ,
202 ,615 ,341 ,903 ,331 ,895 ,647 ,INF ,735 ,0 ,922 ,803 ,308 ,497 ,682 ,467 ,12 ,234 ,517 ,157 ,257 ,427 ,229 ,571 ,90 ,INF ,161 ,298 ,266 ,284 ,645 ,158 ,608 ,246 ,938 ,189 ,432 ,218 ,973 ,454 ,251 ,890 ,664 ,591 ,93 ,367 ,835 ,631 ,810 ,18 ,418 ,467 ,375 ,202 ,795 ,93 ,62 ,421 ,305 ,453 ,339 ,173 ,769 ,192 ,368 ,133 ,284 ,553 ,58 ,70 ,953 ,172 ,970 ,864 ,815 ,159 ,INF ,931 ,494 ,143 ,204 ,404 ,389 ,754 ,433 ,631 ,772 ,459 ,469 ,544 ,855 ,15 ,766 ,615 ,122 ,54 ,297 ,729 ,369 ,834 ,
569 ,708 ,453 ,252 ,730 ,445 ,969 ,127 ,493 ,4 ,0 ,INF ,186 ,505 ,449 ,640 ,462 ,383 ,454 ,903 ,230 ,385 ,661 ,348 ,480 ,199 ,944 ,688 ,493 ,929 ,439 ,770 ,898 ,52 ,764 ,704 ,894 ,666 ,70 ,209 ,536 ,848 ,175 ,285 ,123 ,142 ,709 ,8 ,759 ,700 ,927 ,494 ,905 ,464 ,246 ,49 ,281 ,272 ,573 ,301 ,91 ,287 ,180 ,972 ,921 ,18 ,164 ,INF ,371 ,757 ,924 ,577 ,838 ,370 ,697 ,678 ,168 ,306 ,141 ,628 ,296 ,302 ,735 ,287 ,627 ,967 ,546 ,689 ,843 ,211 ,220 ,274 ,439 ,382 ,674 ,148 ,161 ,842 ,313 ,949 ,
609 ,100 ,438 ,627 ,300 ,844 ,771 ,195 ,357 ,139 ,87 ,0 ,265 ,426 ,966 ,148 ,924 ,6 ,348 ,771 ,257 ,914 ,11 ,616 ,198 ,480 ,202 ,715 ,759 ,694 ,199 ,639 ,861 ,721 ,13 ,759 ,183 ,438 ,799 ,828 ,826 ,368 ,696 ,962 ,788 ,409 ,INF ,966 ,156 ,160 ,732 ,818 ,371 ,839 ,398 ,907 ,889 ,828 ,381 ,650 ,425 ,458 ,187 ,541 ,419 ,855 ,474 ,328 ,608 ,545 ,491 ,736 ,834 ,299 ,761 ,948 ,637 ,162 ,938 ,694 ,593 ,95 ,91 ,942 ,610 ,181 ,686 ,674 ,868 ,419 ,220 ,906 ,INF ,896 ,90 ,306 ,115 ,118 ,401 ,202 ,
428 ,314 ,16 ,841 ,764 ,483 ,250 ,248 ,492 ,725 ,928 ,310 ,0 ,641 ,153 ,918 ,327 ,458 ,456 ,490 ,55 ,246 ,859 ,897 ,719 ,217 ,611 ,79 ,81 ,374 ,348 ,163 ,641 ,241 ,762 ,517 ,163 ,727 ,617 ,483 ,795 ,40 ,491 ,INF ,406 ,160 ,918 ,605 ,843 ,497 ,88 ,548 ,868 ,276 ,425 ,343 ,17 ,166 ,638 ,393 ,567 ,551 ,893 ,131 ,114 ,329 ,146 ,259 ,377 ,652 ,521 ,220 ,256 ,148 ,INF ,598 ,338 ,INF ,114 ,489 ,346 ,INF ,486 ,476 ,539 ,212 ,659 ,273 ,204 ,485 ,518 ,413 ,837 ,850 ,530 ,416 ,451 ,441 ,171 ,375 ,
260 ,843 ,606 ,742 ,258 ,590 ,234 ,139 ,547 ,221 ,231 ,182 ,509 ,0 ,348 ,870 ,621 ,684 ,296 ,657 ,719 ,755 ,40 ,654 ,INF ,536 ,791 ,688 ,390 ,895 ,24 ,690 ,744 ,12 ,503 ,355 ,809 ,955 ,182 ,96 ,216 ,907 ,637 ,319 ,755 ,838 ,274 ,872 ,543 ,165 ,409 ,923 ,484 ,317 ,204 ,912 ,12 ,166 ,65 ,349 ,591 ,568 ,891 ,INF ,483 ,825 ,290 ,99 ,11 ,585 ,10 ,580 ,540 ,603 ,621 ,632 ,975 ,336 ,156 ,786 ,915 ,688 ,697 ,332 ,450 ,844 ,902 ,424 ,933 ,453 ,117 ,484 ,483 ,617 ,165 ,186 ,477 ,762 ,71 ,606 ,
533 ,721 ,231 ,351 ,721 ,917 ,143 ,860 ,508 ,572 ,147 ,882 ,407 ,281 ,0 ,483 ,969 ,742 ,544 ,506 ,178 ,847 ,493 ,4 ,344 ,641 ,670 ,184 ,429 ,363 ,938 ,891 ,407 ,555 ,676 ,713 ,971 ,250 ,41 ,394 ,139 ,396 ,INF ,103 ,604 ,630 ,400 ,517 ,484 ,928 ,967 ,291 ,846 ,821 ,135 ,31 ,265 ,875 ,857 ,103 ,115 ,847 ,170 ,411 ,276 ,784 ,208 ,18 ,551 ,318 ,58 ,770 ,637 ,670 ,376 ,779 ,68 ,160 ,625 ,325 ,468 ,507 ,76 ,94 ,322 ,667 ,129 ,116 ,68 ,INF ,512 ,387 ,874 ,INF ,102 ,497 ,746 ,979 ,770 ,61 ,
660 ,582 ,896 ,401 ,212 ,872 ,48 ,908 ,698 ,951 ,209 ,495 ,817 ,271 ,664 ,0 ,226 ,328 ,741 ,126 ,397 ,576 ,98 ,667 ,484 ,836 ,808 ,466 ,599 ,597 ,50 ,788 ,217 ,953 ,71 ,39 ,646 ,195 ,12 ,711 ,446 ,274 ,192 ,194 ,877 ,96 ,427 ,280 ,270 ,151 ,540 ,840 ,824 ,422 ,INF ,754 ,157 ,687 ,474 ,123 ,152 ,962 ,823 ,566 ,762 ,614 ,794 ,904 ,639 ,890 ,323 ,446 ,556 ,556 ,711 ,372 ,944 ,367 ,22 ,81 ,334 ,585 ,739 ,INF ,419 ,886 ,112 ,894 ,88 ,180 ,238 ,851 ,975 ,176 ,84 ,707 ,249 ,500 ,913 ,861 ,
415 ,359 ,460 ,716 ,579 ,727 ,70 ,801 ,854 ,609 ,720 ,671 ,633 ,230 ,901 ,753 ,0 ,757 ,745 ,928 ,546 ,249 ,823 ,183 ,209 ,14 ,116 ,292 ,16 ,205 ,309 ,603 ,531 ,148 ,368 ,180 ,809 ,820 ,631 ,439 ,731 ,91 ,817 ,898 ,588 ,689 ,276 ,967 ,695 ,909 ,725 ,813 ,190 ,298 ,302 ,782 ,792 ,446 ,953 ,INF ,293 ,423 ,169 ,781 ,380 ,907 ,653 ,483 ,942 ,94 ,117 ,237 ,439 ,692 ,59 ,677 ,879 ,851 ,527 ,452 ,187 ,316 ,538 ,684 ,666 ,INF ,966 ,70 ,913 ,178 ,81 ,972 ,150 ,165 ,649 ,588 ,249 ,226 ,412 ,829 ,
400 ,907 ,172 ,453 ,687 ,798 ,838 ,335 ,221 ,692 ,568 ,879 ,583 ,589 ,128 ,199 ,131 ,0 ,130 ,971 ,INF ,673 ,444 ,758 ,555 ,883 ,612 ,150 ,517 ,842 ,648 ,588 ,731 ,656 ,572 ,213 ,697 ,97 ,852 ,617 ,877 ,598 ,446 ,933 ,941 ,605 ,633 ,473 ,47 ,522 ,901 ,145 ,879 ,844 ,260 ,623 ,384 ,550 ,966 ,459 ,51 ,226 ,98 ,928 ,623 ,406 ,148 ,540 ,702 ,574 ,323 ,772 ,848 ,INF ,860 ,714 ,393 ,90 ,818 ,147 ,602 ,148 ,219 ,726 ,431 ,600 ,69 ,300 ,132 ,696 ,370 ,286 ,INF ,221 ,948 ,468 ,190 ,538 ,180 ,473 ,
66 ,54 ,679 ,402 ,80 ,62 ,156 ,305 ,31 ,113 ,574 ,960 ,361 ,243 ,14 ,57 ,65 ,332 ,0 ,256 ,819 ,145 ,374 ,949 ,475 ,319 ,226 ,510 ,936 ,616 ,137 ,97 ,346 ,581 ,825 ,337 ,816 ,667 ,217 ,338 ,361 ,364 ,303 ,337 ,725 ,614 ,957 ,87 ,831 ,94 ,867 ,42 ,113 ,306 ,308 ,74 ,102 ,946 ,677 ,133 ,729 ,273 ,737 ,470 ,54 ,189 ,433 ,180 ,388 ,703 ,414 ,868 ,598 ,8 ,972 ,381 ,535 ,277 ,644 ,758 ,472 ,INF ,870 ,665 ,115 ,607 ,INF ,22 ,136 ,305 ,160 ,548 ,558 ,138 ,778 ,441 ,973 ,83 ,39 ,81 ,
954 ,562 ,281 ,843 ,617 ,92 ,756 ,364 ,292 ,201 ,47 ,838 ,247 ,257 ,376 ,299 ,791 ,INF ,485 ,0 ,28 ,811 ,18 ,590 ,303 ,737 ,636 ,847 ,669 ,556 ,957 ,699 ,59 ,319 ,846 ,609 ,682 ,974 ,207 ,932 ,810 ,692 ,40 ,465 ,955 ,479 ,945 ,540 ,181 ,245 ,204 ,685 ,114 ,943 ,360 ,196 ,489 ,516 ,380 ,225 ,361 ,763 ,738 ,32 ,568 ,INF ,856 ,878 ,381 ,INF ,120 ,333 ,208 ,220 ,762 ,359 ,938 ,36 ,948 ,240 ,460 ,363 ,623 ,348 ,956 ,838 ,376 ,851 ,899 ,576 ,387 ,591 ,935 ,789 ,523 ,677 ,44 ,410 ,261 ,963 ,
143 ,INF ,444 ,551 ,952 ,71 ,350 ,734 ,758 ,786 ,828 ,318 ,883 ,113 ,26 ,421 ,969 ,735 ,748 ,946 ,0 ,352 ,248 ,772 ,625 ,732 ,306 ,218 ,187 ,308 ,24 ,2 ,611 ,733 ,948 ,846 ,954 ,207 ,683 ,555 ,665 ,876 ,INF ,976 ,547 ,189 ,178 ,86 ,832 ,933 ,746 ,134 ,301 ,128 ,505 ,757 ,738 ,824 ,568 ,919 ,822 ,321 ,78 ,88 ,566 ,291 ,505 ,394 ,702 ,581 ,963 ,311 ,665 ,909 ,654 ,875 ,680 ,685 ,819 ,347 ,71 ,79 ,625 ,191 ,971 ,931 ,888 ,572 ,274 ,516 ,21 ,907 ,INF ,656 ,466 ,933 ,638 ,335 ,527 ,133 ,
441 ,445 ,611 ,138 ,252 ,259 ,945 ,480 ,137 ,132 ,414 ,137 ,865 ,241 ,326 ,839 ,759 ,167 ,795 ,263 ,583 ,0 ,276 ,920 ,75 ,472 ,639 ,724 ,218 ,167 ,108 ,212 ,361 ,64 ,826 ,208 ,909 ,915 ,562 ,502 ,842 ,555 ,170 ,700 ,675 ,921 ,555 ,795 ,649 ,364 ,710 ,91 ,255 ,450 ,456 ,927 ,860 ,751 ,725 ,893 ,780 ,617 ,82 ,970 ,182 ,603 ,102 ,186 ,804 ,516 ,287 ,706 ,348 ,220 ,486 ,23 ,191 ,15 ,618 ,951 ,209 ,160 ,548 ,818 ,901 ,922 ,915 ,46 ,246 ,29 ,256 ,687 ,67 ,830 ,647 ,389 ,817 ,917 ,563 ,290 ,
807 ,255 ,236 ,504 ,462 ,793 ,246 ,642 ,964 ,263 ,921 ,448 ,398 ,INF ,775 ,923 ,587 ,897 ,317 ,969 ,355 ,976 ,0 ,621 ,346 ,635 ,240 ,614 ,262 ,287 ,256 ,INF ,126 ,295 ,862 ,594 ,402 ,322 ,933 ,727 ,501 ,696 ,208 ,18 ,123 ,657 ,418 ,283 ,851 ,185 ,80 ,683 ,109 ,975 ,733 ,822 ,673 ,254 ,284 ,381 ,170 ,920 ,952 ,111 ,165 ,200 ,367 ,559 ,671 ,126 ,209 ,INF ,916 ,569 ,709 ,594 ,50 ,386 ,INF ,501 ,633 ,693 ,933 ,293 ,289 ,18 ,422 ,208 ,973 ,375 ,669 ,954 ,541 ,325 ,640 ,829 ,138 ,902 ,206 ,445 ,
517 ,501 ,151 ,120 ,598 ,976 ,623 ,194 ,452 ,INF ,878 ,630 ,891 ,588 ,823 ,109 ,542 ,793 ,724 ,292 ,759 ,214 ,287 ,0 ,458 ,142 ,71 ,211 ,796 ,402 ,569 ,897 ,431 ,783 ,32 ,311 ,798 ,634 ,201 ,960 ,327 ,960 ,736 ,535 ,958 ,682 ,340 ,431 ,682 ,364 ,821 ,948 ,609 ,73 ,843 ,266 ,904 ,310 ,659 ,349 ,206 ,839 ,INF ,342 ,454 ,258 ,624 ,84 ,454 ,925 ,640 ,843 ,77 ,919 ,105 ,39 ,227 ,364 ,196 ,622 ,890 ,454 ,666 ,614 ,221 ,631 ,406 ,111 ,567 ,330 ,138 ,800 ,43 ,153 ,333 ,585 ,25 ,INF ,878 ,23 ,
393 ,566 ,230 ,561 ,704 ,68 ,66 ,174 ,514 ,559 ,494 ,754 ,699 ,532 ,462 ,174 ,567 ,377 ,205 ,597 ,591 ,38 ,57 ,216 ,0 ,INF ,196 ,220 ,106 ,611 ,310 ,711 ,382 ,647 ,479 ,753 ,590 ,455 ,795 ,553 ,13 ,133 ,318 ,754 ,255 ,78 ,865 ,874 ,715 ,92 ,536 ,451 ,809 ,120 ,664 ,909 ,460 ,906 ,421 ,459 ,287 ,341 ,792 ,154 ,222 ,319 ,360 ,631 ,41 ,862 ,238 ,715 ,951 ,675 ,INF ,384 ,471 ,830 ,338 ,938 ,730 ,917 ,185 ,64 ,720 ,436 ,433 ,308 ,542 ,451 ,125 ,374 ,359 ,924 ,692 ,732 ,720 ,369 ,63 ,167 ,
156 ,844 ,860 ,INF ,433 ,902 ,606 ,967 ,61 ,206 ,INF ,191 ,20 ,947 ,624 ,66 ,623 ,798 ,213 ,552 ,530 ,830 ,640 ,29 ,543 ,0 ,484 ,21 ,361 ,486 ,415 ,677 ,321 ,374 ,591 ,683 ,421 ,858 ,381 ,841 ,746 ,737 ,498 ,814 ,INF ,464 ,596 ,590 ,516 ,438 ,720 ,929 ,398 ,360 ,503 ,357 ,621 ,628 ,INF ,675 ,587 ,301 ,1 ,952 ,351 ,735 ,949 ,815 ,859 ,442 ,647 ,624 ,805 ,711 ,507 ,527 ,40 ,975 ,410 ,145 ,437 ,450 ,482 ,378 ,899 ,20 ,432 ,756 ,500 ,431 ,39 ,INF ,338 ,526 ,903 ,250 ,583 ,76 ,340 ,934 ,
468 ,315 ,866 ,476 ,253 ,659 ,896 ,359 ,277 ,364 ,128 ,546 ,260 ,847 ,868 ,143 ,86 ,952 ,473 ,537 ,101 ,617 ,INF ,289 ,911 ,929 ,0 ,714 ,615 ,624 ,INF ,290 ,824 ,279 ,373 ,692 ,636 ,678 ,239 ,202 ,644 ,693 ,86 ,437 ,713 ,935 ,184 ,644 ,704 ,552 ,453 ,361 ,364 ,379 ,869 ,640 ,503 ,471 ,508 ,389 ,691 ,753 ,156 ,332 ,382 ,643 ,781 ,335 ,45 ,333 ,885 ,596 ,802 ,125 ,575 ,742 ,866 ,686 ,135 ,274 ,24 ,271 ,564 ,407 ,384 ,865 ,489 ,575 ,766 ,785 ,11 ,708 ,353 ,772 ,857 ,550 ,399 ,902 ,923 ,666 ,
670 ,688 ,305 ,246 ,553 ,459 ,638 ,924 ,400 ,24 ,478 ,853 ,805 ,613 ,576 ,89 ,667 ,389 ,29 ,54 ,138 ,41 ,543 ,596 ,863 ,851 ,612 ,0 ,INF ,431 ,174 ,323 ,308 ,117 ,19 ,647 ,442 ,175 ,892 ,184 ,59 ,14 ,795 ,856 ,947 ,500 ,492 ,518 ,102 ,162 ,937 ,631 ,309 ,480 ,269 ,591 ,968 ,230 ,442 ,685 ,696 ,288 ,339 ,267 ,881 ,364 ,247 ,51 ,715 ,133 ,499 ,164 ,871 ,575 ,481 ,942 ,825 ,231 ,556 ,174 ,182 ,524 ,16 ,642 ,636 ,393 ,328 ,66 ,182 ,525 ,279 ,164 ,380 ,850 ,950 ,330 ,290 ,119 ,905 ,726 ,
754 ,15 ,232 ,503 ,526 ,520 ,494 ,862 ,669 ,129 ,349 ,454 ,INF ,325 ,545 ,67 ,673 ,71 ,752 ,163 ,958 ,648 ,326 ,464 ,671 ,451 ,131 ,8 ,0 ,411 ,726 ,177 ,915 ,124 ,738 ,691 ,672 ,127 ,715 ,73 ,73 ,849 ,195 ,542 ,389 ,404 ,602 ,139 ,142 ,339 ,195 ,398 ,370 ,947 ,47 ,977 ,63 ,743 ,545 ,546 ,737 ,32 ,708 ,286 ,862 ,76 ,550 ,251 ,518 ,59 ,250 ,823 ,442 ,158 ,251 ,319 ,452 ,475 ,303 ,696 ,532 ,648 ,823 ,203 ,413 ,705 ,INF ,114 ,890 ,822 ,110 ,443 ,898 ,777 ,132 ,376 ,939 ,79 ,639 ,673 ,
689 ,821 ,626 ,71 ,233 ,126 ,471 ,551 ,232 ,912 ,495 ,636 ,287 ,524 ,874 ,581 ,576 ,95 ,903 ,INF ,905 ,335 ,900 ,706 ,128 ,835 ,474 ,71 ,395 ,0 ,552 ,249 ,564 ,520 ,518 ,817 ,675 ,880 ,894 ,180 ,370 ,270 ,842 ,642 ,857 ,590 ,178 ,892 ,527 ,735 ,413 ,661 ,271 ,16 ,213 ,829 ,828 ,640 ,979 ,494 ,358 ,797 ,528 ,INF ,748 ,880 ,181 ,266 ,121 ,378 ,175 ,697 ,712 ,921 ,119 ,934 ,840 ,307 ,436 ,600 ,267 ,738 ,937 ,476 ,599 ,248 ,618 ,556 ,96 ,33 ,617 ,569 ,204 ,4 ,594 ,388 ,973 ,389 ,949 ,924 ,
346 ,41 ,22 ,338 ,327 ,847 ,305 ,756 ,376 ,44 ,504 ,240 ,73 ,685 ,384 ,160 ,346 ,755 ,813 ,620 ,497 ,102 ,143 ,INF ,708 ,749 ,660 ,871 ,710 ,444 ,0 ,899 ,342 ,734 ,400 ,806 ,284 ,527 ,820 ,18 ,187 ,33 ,265 ,945 ,468 ,476 ,772 ,275 ,390 ,534 ,593 ,171 ,199 ,9 ,209 ,535 ,102 ,102 ,425 ,753 ,902 ,773 ,170 ,942 ,324 ,136 ,126 ,175 ,15 ,INF ,908 ,234 ,690 ,778 ,838 ,486 ,155 ,761 ,974 ,535 ,209 ,35 ,32 ,961 ,957 ,235 ,918 ,333 ,871 ,441 ,351 ,294 ,917 ,846 ,775 ,16 ,579 ,673 ,797 ,613 ,
154 ,44 ,575 ,269 ,509 ,72 ,794 ,247 ,164 ,698 ,70 ,563 ,507 ,739 ,56 ,626 ,675 ,875 ,417 ,712 ,653 ,200 ,492 ,516 ,580 ,781 ,342 ,306 ,969 ,824 ,263 ,0 ,326 ,621 ,295 ,841 ,596 ,767 ,136 ,240 ,345 ,322 ,124 ,455 ,493 ,771 ,168 ,620 ,788 ,230 ,16 ,979 ,345 ,652 ,720 ,741 ,568 ,953 ,599 ,251 ,978 ,65 ,777 ,87 ,894 ,274 ,143 ,436 ,664 ,427 ,804 ,535 ,531 ,150 ,459 ,964 ,INF ,876 ,386 ,391 ,526 ,428 ,421 ,292 ,191 ,260 ,896 ,534 ,913 ,550 ,795 ,376 ,207 ,506 ,595 ,861 ,625 ,544 ,832 ,550 ,
633 ,527 ,33 ,679 ,219 ,573 ,487 ,657 ,1 ,312 ,144 ,69 ,784 ,177 ,421 ,561 ,732 ,482 ,433 ,68 ,453 ,11 ,796 ,750 ,143 ,848 ,127 ,594 ,76 ,330 ,10 ,739 ,0 ,60 ,532 ,847 ,759 ,306 ,832 ,613 ,394 ,856 ,153 ,213 ,270 ,103 ,31 ,353 ,790 ,350 ,498 ,873 ,225 ,705 ,855 ,372 ,801 ,340 ,153 ,588 ,917 ,79 ,691 ,941 ,958 ,175 ,66 ,865 ,229 ,883 ,875 ,35 ,826 ,218 ,815 ,659 ,886 ,704 ,49 ,285 ,75 ,93 ,223 ,909 ,386 ,924 ,275 ,632 ,723 ,567 ,624 ,454 ,870 ,892 ,434 ,357 ,324 ,373 ,846 ,INF ,
366 ,440 ,313 ,369 ,54 ,66 ,413 ,935 ,354 ,667 ,133 ,931 ,621 ,209 ,225 ,68 ,727 ,467 ,393 ,754 ,21 ,877 ,670 ,243 ,595 ,284 ,913 ,163 ,360 ,738 ,338 ,799 ,242 ,0 ,30 ,15 ,828 ,63 ,274 ,705 ,240 ,195 ,INF ,220 ,224 ,944 ,248 ,340 ,441 ,141 ,925 ,287 ,747 ,978 ,298 ,503 ,106 ,263 ,633 ,319 ,326 ,135 ,101 ,907 ,80 ,904 ,25 ,831 ,278 ,897 ,876 ,417 ,413 ,544 ,144 ,578 ,614 ,420 ,179 ,926 ,887 ,507 ,436 ,389 ,317 ,843 ,266 ,929 ,910 ,355 ,787 ,945 ,346 ,681 ,702 ,339 ,507 ,405 ,703 ,966 ,
589 ,201 ,559 ,667 ,398 ,836 ,959 ,569 ,376 ,671 ,728 ,270 ,781 ,644 ,708 ,209 ,830 ,819 ,306 ,276 ,848 ,861 ,818 ,296 ,561 ,722 ,226 ,803 ,559 ,967 ,95 ,4 ,929 ,206 ,0 ,24 ,107 ,749 ,467 ,261 ,777 ,401 ,144 ,INF ,278 ,733 ,743 ,706 ,941 ,124 ,733 ,648 ,302 ,698 ,182 ,376 ,694 ,22 ,847 ,85 ,223 ,164 ,553 ,851 ,149 ,176 ,252 ,442 ,119 ,936 ,460 ,249 ,119 ,INF ,378 ,856 ,412 ,963 ,262 ,885 ,903 ,185 ,334 ,662 ,487 ,341 ,244 ,621 ,94 ,658 ,129 ,944 ,867 ,53 ,964 ,875 ,284 ,404 ,751 ,974 ,
172 ,515 ,522 ,331 ,738 ,746 ,106 ,367 ,548 ,49 ,197 ,81 ,947 ,171 ,224 ,602 ,447 ,537 ,INF ,139 ,483 ,6 ,718 ,649 ,215 ,INF ,928 ,220 ,696 ,919 ,408 ,802 ,578 ,627 ,717 ,0 ,537 ,500 ,741 ,766 ,563 ,211 ,813 ,INF ,596 ,457 ,414 ,174 ,295 ,639 ,927 ,698 ,16 ,300 ,955 ,141 ,305 ,677 ,419 ,127 ,532 ,138 ,361 ,INF ,428 ,528 ,54 ,717 ,856 ,49 ,248 ,299 ,2 ,6 ,INF ,344 ,399 ,116 ,974 ,932 ,292 ,17 ,705 ,436 ,145 ,541 ,612 ,22 ,939 ,313 ,602 ,825 ,65 ,593 ,737 ,534 ,712 ,532 ,422 ,770 ,
138 ,506 ,969 ,877 ,422 ,542 ,430 ,712 ,768 ,183 ,838 ,888 ,357 ,341 ,379 ,198 ,689 ,482 ,638 ,577 ,650 ,961 ,112 ,460 ,975 ,499 ,938 ,624 ,INF ,129 ,70 ,401 ,243 ,132 ,479 ,27 ,0 ,INF ,332 ,314 ,607 ,422 ,671 ,757 ,489 ,174 ,822 ,646 ,403 ,297 ,346 ,351 ,332 ,75 ,857 ,297 ,672 ,382 ,637 ,144 ,978 ,715 ,387 ,26 ,INF ,915 ,325 ,726 ,624 ,726 ,795 ,172 ,885 ,270 ,272 ,177 ,911 ,949 ,389 ,142 ,234 ,822 ,921 ,639 ,518 ,197 ,763 ,206 ,72 ,874 ,483 ,608 ,INF ,247 ,83 ,525 ,63 ,407 ,810 ,INF ,
752 ,16 ,546 ,206 ,417 ,917 ,528 ,434 ,831 ,913 ,948 ,277 ,823 ,701 ,624 ,602 ,2 ,620 ,594 ,924 ,32 ,350 ,340 ,INF ,396 ,31 ,136 ,597 ,623 ,376 ,53 ,INF ,700 ,565 ,280 ,283 ,876 ,0 ,565 ,951 ,773 ,232 ,198 ,660 ,233 ,612 ,158 ,547 ,36 ,435 ,455 ,758 ,763 ,75 ,485 ,217 ,773 ,736 ,615 ,361 ,698 ,956 ,146 ,296 ,617 ,189 ,467 ,76 ,200 ,475 ,394 ,129 ,680 ,580 ,755 ,398 ,883 ,765 ,138 ,537 ,577 ,514 ,494 ,423 ,910 ,964 ,885 ,818 ,524 ,467 ,643 ,78 ,838 ,160 ,328 ,746 ,607 ,491 ,244 ,727 ,
950 ,847 ,970 ,619 ,824 ,795 ,882 ,599 ,241 ,952 ,646 ,743 ,731 ,381 ,926 ,221 ,371 ,652 ,787 ,29 ,232 ,317 ,288 ,35 ,890 ,693 ,247 ,239 ,903 ,352 ,780 ,866 ,427 ,429 ,61 ,750 ,696 ,379 ,0 ,672 ,661 ,274 ,139 ,602 ,389 ,328 ,167 ,277 ,396 ,715 ,469 ,486 ,87 ,431 ,645 ,808 ,643 ,118 ,716 ,786 ,140 ,346 ,923 ,9 ,944 ,103 ,38 ,545 ,295 ,969 ,653 ,424 ,873 ,173 ,838 ,105 ,790 ,388 ,896 ,383 ,529 ,910 ,513 ,711 ,578 ,378 ,194 ,899 ,87 ,434 ,622 ,INF ,406 ,690 ,196 ,97 ,165 ,405 ,688 ,758 ,
211 ,742 ,515 ,148 ,INF ,269 ,144 ,740 ,862 ,795 ,228 ,230 ,338 ,750 ,944 ,INF ,514 ,276 ,574 ,326 ,96 ,711 ,10 ,907 ,775 ,333 ,243 ,148 ,101 ,537 ,INF ,793 ,690 ,35 ,139 ,974 ,416 ,820 ,558 ,0 ,857 ,15 ,449 ,553 ,511 ,25 ,219 ,INF ,527 ,237 ,956 ,420 ,478 ,634 ,278 ,905 ,121 ,550 ,403 ,289 ,952 ,273 ,486 ,843 ,898 ,642 ,445 ,815 ,103 ,INF ,203 ,556 ,463 ,808 ,704 ,855 ,496 ,INF ,967 ,233 ,752 ,474 ,899 ,724 ,250 ,173 ,795 ,329 ,654 ,777 ,152 ,54 ,858 ,255 ,198 ,199 ,15 ,258 ,194 ,382 ,
624 ,308 ,852 ,571 ,942 ,689 ,59 ,329 ,642 ,640 ,106 ,31 ,722 ,173 ,680 ,87 ,671 ,330 ,950 ,599 ,617 ,47 ,142 ,281 ,185 ,240 ,152 ,897 ,287 ,134 ,136 ,505 ,973 ,481 ,104 ,218 ,844 ,INF ,350 ,812 ,0 ,66 ,417 ,INF ,609 ,760 ,886 ,46 ,199 ,665 ,96 ,555 ,477 ,817 ,307 ,250 ,697 ,17 ,744 ,172 ,910 ,150 ,472 ,843 ,946 ,289 ,23 ,217 ,774 ,808 ,588 ,528 ,182 ,691 ,824 ,570 ,476 ,486 ,118 ,844 ,918 ,917 ,265 ,632 ,451 ,977 ,856 ,796 ,465 ,378 ,579 ,867 ,2 ,426 ,187 ,932 ,725 ,875 ,792 ,144 ,
915 ,795 ,962 ,884 ,96 ,338 ,732 ,230 ,270 ,878 ,438 ,853 ,873 ,361 ,361 ,68 ,927 ,645 ,806 ,892 ,250 ,30 ,225 ,732 ,115 ,226 ,823 ,382 ,211 ,524 ,199 ,INF ,684 ,212 ,288 ,238 ,209 ,334 ,INF ,936 ,218 ,0 ,487 ,840 ,468 ,586 ,598 ,535 ,562 ,901 ,301 ,793 ,129 ,147 ,532 ,562 ,420 ,706 ,873 ,291 ,893 ,457 ,482 ,81 ,100 ,755 ,929 ,609 ,744 ,952 ,485 ,513 ,696 ,977 ,874 ,633 ,386 ,570 ,899 ,453 ,195 ,166 ,843 ,898 ,847 ,128 ,442 ,230 ,404 ,371 ,377 ,864 ,528 ,458 ,740 ,373 ,241 ,663 ,305 ,253 ,
542 ,INF ,202 ,3 ,764 ,353 ,8 ,618 ,328 ,356 ,768 ,441 ,471 ,591 ,50 ,878 ,829 ,554 ,919 ,295 ,146 ,298 ,151 ,624 ,577 ,921 ,133 ,712 ,246 ,430 ,639 ,205 ,68 ,43 ,464 ,932 ,277 ,375 ,689 ,635 ,85 ,92 ,0 ,320 ,773 ,884 ,53 ,333 ,64 ,689 ,786 ,170 ,570 ,649 ,570 ,564 ,15 ,838 ,438 ,584 ,958 ,880 ,174 ,973 ,793 ,251 ,194 ,478 ,41 ,587 ,539 ,650 ,285 ,159 ,140 ,888 ,639 ,972 ,11 ,266 ,83 ,761 ,117 ,18 ,624 ,783 ,542 ,824 ,141 ,550 ,409 ,357 ,381 ,141 ,807 ,183 ,326 ,865 ,327 ,294 ,
INF ,614 ,141 ,101 ,224 ,700 ,482 ,379 ,243 ,98 ,514 ,167 ,237 ,351 ,261 ,901 ,379 ,769 ,567 ,154 ,608 ,27 ,546 ,759 ,36 ,741 ,424 ,965 ,110 ,346 ,472 ,811 ,120 ,316 ,636 ,252 ,200 ,916 ,343 ,282 ,120 ,430 ,683 ,0 ,886 ,876 ,513 ,856 ,416 ,389 ,915 ,229 ,910 ,542 ,146 ,486 ,5 ,353 ,590 ,613 ,90 ,99 ,56 ,129 ,63 ,INF ,532 ,948 ,359 ,420 ,247 ,934 ,539 ,80 ,633 ,190 ,763 ,860 ,601 ,959 ,85 ,466 ,639 ,648 ,INF ,743 ,922 ,711 ,307 ,219 ,634 ,854 ,737 ,135 ,358 ,198 ,837 ,646 ,846 ,653 ,
761 ,900 ,910 ,298 ,76 ,770 ,5 ,132 ,600 ,235 ,211 ,684 ,312 ,218 ,207 ,495 ,409 ,410 ,472 ,307 ,45 ,246 ,386 ,714 ,30 ,758 ,68 ,975 ,318 ,308 ,474 ,680 ,940 ,382 ,52 ,363 ,330 ,857 ,903 ,95 ,195 ,863 ,733 ,751 ,0 ,226 ,23 ,927 ,565 ,219 ,295 ,360 ,952 ,123 ,439 ,944 ,220 ,546 ,870 ,143 ,373 ,270 ,535 ,676 ,467 ,111 ,938 ,17 ,644 ,179 ,763 ,668 ,342 ,915 ,107 ,464 ,481 ,891 ,214 ,885 ,356 ,501 ,718 ,48 ,11 ,867 ,356 ,585 ,686 ,189 ,457 ,661 ,424 ,512 ,789 ,290 ,26 ,INF ,739 ,728 ,
263 ,106 ,62 ,541 ,504 ,264 ,845 ,183 ,825 ,307 ,441 ,694 ,129 ,481 ,500 ,309 ,173 ,716 ,484 ,876 ,587 ,418 ,891 ,203 ,289 ,300 ,87 ,660 ,213 ,121 ,122 ,942 ,368 ,578 ,309 ,801 ,353 ,186 ,85 ,312 ,622 ,949 ,531 ,732 ,895 ,0 ,859 ,939 ,844 ,895 ,299 ,74 ,238 ,134 ,92 ,803 ,142 ,359 ,264 ,864 ,393 ,401 ,253 ,262 ,611 ,845 ,800 ,682 ,158 ,832 ,447 ,551 ,848 ,668 ,518 ,872 ,218 ,206 ,657 ,INF ,902 ,556 ,729 ,415 ,909 ,252 ,604 ,107 ,629 ,599 ,INF ,93 ,791 ,705 ,344 ,207 ,29 ,647 ,802 ,632 ,
435 ,433 ,698 ,302 ,752 ,586 ,419 ,514 ,241 ,636 ,357 ,756 ,572 ,839 ,268 ,253 ,733 ,197 ,316 ,28 ,855 ,857 ,567 ,173 ,656 ,845 ,245 ,908 ,274 ,487 ,183 ,259 ,206 ,210 ,895 ,103 ,562 ,774 ,511 ,165 ,134 ,534 ,634 ,349 ,480 ,743 ,0 ,818 ,472 ,868 ,532 ,7 ,197 ,896 ,125 ,823 ,843 ,924 ,190 ,528 ,81 ,405 ,910 ,510 ,281 ,531 ,112 ,675 ,155 ,220 ,189 ,664 ,731 ,801 ,959 ,522 ,633 ,473 ,336 ,502 ,49 ,106 ,268 ,696 ,52 ,INF ,736 ,350 ,INF ,396 ,886 ,659 ,566 ,958 ,570 ,107 ,420 ,798 ,174 ,810 ,
667 ,127 ,675 ,359 ,712 ,378 ,277 ,86 ,813 ,108 ,255 ,350 ,216 ,596 ,361 ,538 ,389 ,956 ,443 ,343 ,565 ,715 ,445 ,645 ,730 ,126 ,192 ,395 ,873 ,720 ,342 ,67 ,337 ,930 ,410 ,692 ,318 ,683 ,37 ,310 ,823 ,516 ,228 ,933 ,84 ,19 ,131 ,0 ,660 ,571 ,394 ,201 ,604 ,500 ,137 ,528 ,278 ,327 ,72 ,590 ,324 ,355 ,474 ,563 ,124 ,518 ,184 ,785 ,584 ,454 ,372 ,44 ,651 ,371 ,154 ,333 ,389 ,77 ,858 ,230 ,601 ,282 ,267 ,48 ,INF ,318 ,750 ,664 ,682 ,336 ,178 ,204 ,609 ,56 ,650 ,789 ,205 ,642 ,876 ,167 ,
508 ,56 ,398 ,449 ,435 ,168 ,872 ,328 ,493 ,514 ,596 ,829 ,910 ,406 ,601 ,567 ,842 ,888 ,376 ,630 ,113 ,373 ,263 ,394 ,98 ,81 ,770 ,411 ,921 ,646 ,933 ,500 ,274 ,74 ,68 ,965 ,80 ,651 ,536 ,312 ,656 ,163 ,226 ,403 ,80 ,INF ,867 ,203 ,0 ,94 ,869 ,467 ,749 ,INF ,625 ,325 ,513 ,279 ,762 ,56 ,324 ,372 ,924 ,885 ,962 ,468 ,75 ,341 ,378 ,938 ,952 ,247 ,703 ,878 ,211 ,278 ,582 ,490 ,916 ,297 ,30 ,374 ,24 ,506 ,57 ,652 ,230 ,449 ,6 ,498 ,INF ,915 ,43 ,12 ,783 ,27 ,620 ,203 ,943 ,58 ,
803 ,833 ,716 ,463 ,829 ,358 ,154 ,670 ,398 ,163 ,37 ,4 ,575 ,720 ,456 ,962 ,676 ,527 ,653 ,366 ,361 ,759 ,463 ,309 ,9 ,605 ,720 ,104 ,200 ,869 ,721 ,701 ,279 ,648 ,831 ,396 ,325 ,61 ,746 ,634 ,725 ,184 ,723 ,870 ,910 ,445 ,106 ,324 ,347 ,0 ,975 ,269 ,281 ,649 ,487 ,59 ,527 ,218 ,349 ,802 ,428 ,261 ,570 ,157 ,569 ,818 ,95 ,266 ,281 ,203 ,725 ,53 ,874 ,INF ,713 ,868 ,278 ,69 ,228 ,432 ,109 ,554 ,121 ,644 ,885 ,718 ,775 ,830 ,585 ,947 ,471 ,680 ,65 ,17 ,390 ,291 ,78 ,25 ,823 ,970 ,
911 ,388 ,684 ,701 ,501 ,386 ,960 ,947 ,408 ,32 ,731 ,206 ,954 ,396 ,300 ,287 ,171 ,323 ,363 ,631 ,112 ,INF ,552 ,928 ,305 ,510 ,920 ,181 ,640 ,709 ,611 ,INF ,319 ,247 ,212 ,261 ,79 ,136 ,7 ,360 ,666 ,562 ,154 ,214 ,963 ,678 ,107 ,935 ,418 ,406 ,0 ,699 ,124 ,115 ,799 ,155 ,264 ,698 ,923 ,671 ,INF ,399 ,479 ,819 ,504 ,227 ,343 ,652 ,190 ,434 ,573 ,543 ,738 ,129 ,431 ,224 ,904 ,406 ,217 ,617 ,169 ,744 ,321 ,398 ,421 ,367 ,292 ,317 ,388 ,139 ,570 ,131 ,26 ,737 ,226 ,358 ,913 ,410 ,221 ,29 ,
820 ,137 ,826 ,56 ,4 ,64 ,102 ,612 ,843 ,686 ,168 ,189 ,822 ,475 ,INF ,564 ,677 ,861 ,115 ,827 ,957 ,556 ,114 ,743 ,473 ,23 ,199 ,344 ,209 ,72 ,293 ,819 ,577 ,902 ,869 ,832 ,364 ,78 ,638 ,668 ,643 ,636 ,788 ,977 ,122 ,416 ,388 ,976 ,159 ,699 ,119 ,0 ,346 ,116 ,814 ,187 ,559 ,33 ,46 ,708 ,715 ,318 ,860 ,25 ,416 ,538 ,307 ,631 ,135 ,303 ,958 ,897 ,686 ,478 ,537 ,599 ,156 ,454 ,678 ,699 ,128 ,495 ,800 ,676 ,66 ,13 ,873 ,364 ,647 ,742 ,385 ,784 ,493 ,151 ,46 ,24 ,623 ,515 ,168 ,412 ,
31 ,580 ,845 ,853 ,211 ,896 ,718 ,964 ,463 ,805 ,INF ,468 ,740 ,252 ,439 ,81 ,616 ,228 ,564 ,226 ,496 ,228 ,30 ,299 ,181 ,2 ,666 ,639 ,906 ,662 ,398 ,736 ,376 ,40 ,223 ,820 ,343 ,152 ,858 ,302 ,599 ,428 ,70 ,INF ,459 ,92 ,943 ,694 ,27 ,730 ,680 ,545 ,0 ,444 ,721 ,330 ,34 ,355 ,416 ,388 ,218 ,585 ,865 ,18 ,517 ,956 ,944 ,790 ,917 ,213 ,537 ,293 ,621 ,853 ,207 ,110 ,625 ,914 ,INF ,341 ,159 ,839 ,519 ,173 ,444 ,134 ,692 ,640 ,425 ,655 ,109 ,73 ,537 ,188 ,358 ,956 ,326 ,250 ,83 ,354 ,
146 ,933 ,775 ,107 ,902 ,5 ,509 ,902 ,16 ,735 ,786 ,637 ,835 ,672 ,INF ,131 ,INF ,345 ,215 ,754 ,292 ,620 ,106 ,513 ,163 ,369 ,759 ,880 ,966 ,814 ,106 ,180 ,885 ,641 ,300 ,704 ,240 ,747 ,765 ,693 ,829 ,593 ,139 ,769 ,440 ,412 ,INF ,580 ,666 ,230 ,538 ,593 ,725 ,0 ,893 ,114 ,213 ,692 ,75 ,904 ,55 ,225 ,105 ,428 ,258 ,909 ,314 ,840 ,512 ,433 ,649 ,939 ,510 ,493 ,379 ,296 ,640 ,674 ,486 ,602 ,831 ,449 ,302 ,282 ,197 ,158 ,169 ,137 ,178 ,818 ,110 ,726 ,457 ,226 ,880 ,127 ,149 ,469 ,386 ,961 ,
605 ,49 ,160 ,164 ,2 ,688 ,335 ,128 ,428 ,856 ,968 ,498 ,703 ,648 ,127 ,245 ,623 ,253 ,36 ,630 ,934 ,947 ,596 ,439 ,969 ,632 ,580 ,361 ,956 ,320 ,325 ,1 ,558 ,455 ,825 ,326 ,270 ,977 ,724 ,840 ,790 ,INF ,380 ,449 ,848 ,973 ,81 ,444 ,681 ,243 ,681 ,428 ,568 ,194 ,0 ,145 ,46 ,736 ,807 ,782 ,933 ,18 ,614 ,897 ,979 ,50 ,932 ,2 ,54 ,819 ,404 ,372 ,436 ,543 ,675 ,174 ,650 ,332 ,899 ,746 ,907 ,495 ,758 ,299 ,141 ,163 ,533 ,715 ,212 ,330 ,742 ,796 ,621 ,83 ,297 ,56 ,493 ,362 ,678 ,744 ,
60 ,189 ,422 ,950 ,847 ,342 ,864 ,420 ,37 ,347 ,620 ,586 ,248 ,751 ,847 ,956 ,212 ,102 ,706 ,359 ,681 ,826 ,394 ,944 ,66 ,306 ,604 ,386 ,929 ,495 ,2 ,436 ,252 ,INF ,536 ,418 ,826 ,415 ,217 ,131 ,915 ,126 ,313 ,INF ,404 ,897 ,850 ,861 ,5 ,468 ,18 ,144 ,48 ,645 ,598 ,0 ,195 ,23 ,499 ,971 ,457 ,808 ,97 ,376 ,840 ,INF ,485 ,725 ,745 ,742 ,975 ,295 ,698 ,786 ,569 ,6 ,967 ,520 ,165 ,159 ,156 ,315 ,741 ,410 ,790 ,568 ,825 ,638 ,590 ,449 ,751 ,55 ,900 ,813 ,409 ,550 ,682 ,96 ,266 ,656 ,
861 ,249 ,933 ,699 ,444 ,462 ,636 ,699 ,853 ,491 ,346 ,953 ,167 ,805 ,574 ,INF ,155 ,50 ,868 ,977 ,631 ,417 ,221 ,528 ,893 ,289 ,221 ,INF ,107 ,126 ,503 ,155 ,953 ,175 ,527 ,227 ,648 ,57 ,929 ,248 ,698 ,312 ,892 ,425 ,433 ,264 ,468 ,217 ,815 ,901 ,307 ,381 ,225 ,796 ,623 ,615 ,0 ,824 ,711 ,368 ,264 ,767 ,123 ,413 ,294 ,551 ,687 ,939 ,966 ,132 ,903 ,22 ,883 ,358 ,818 ,454 ,270 ,638 ,590 ,86 ,238 ,617 ,624 ,727 ,607 ,905 ,45 ,777 ,530 ,174 ,478 ,76 ,681 ,444 ,222 ,4 ,598 ,850 ,265 ,735 ,
363 ,109 ,699 ,532 ,18 ,256 ,770 ,105 ,147 ,218 ,660 ,57 ,651 ,448 ,372 ,649 ,451 ,744 ,760 ,470 ,187 ,724 ,802 ,28 ,441 ,724 ,163 ,724 ,571 ,345 ,582 ,149 ,317 ,639 ,358 ,647 ,462 ,329 ,172 ,669 ,13 ,81 ,653 ,295 ,726 ,520 ,66 ,247 ,701 ,382 ,875 ,141 ,976 ,52 ,458 ,335 ,220 ,0 ,765 ,656 ,89 ,444 ,165 ,310 ,4 ,205 ,312 ,154 ,28 ,705 ,157 ,39 ,945 ,889 ,474 ,392 ,635 ,784 ,954 ,158 ,164 ,249 ,161 ,696 ,84 ,515 ,791 ,257 ,918 ,625 ,643 ,834 ,467 ,959 ,447 ,846 ,712 ,761 ,477 ,370 ,
133 ,619 ,468 ,INF ,412 ,813 ,436 ,950 ,494 ,79 ,340 ,591 ,455 ,437 ,97 ,444 ,INF ,692 ,642 ,24 ,715 ,454 ,569 ,879 ,771 ,96 ,659 ,557 ,813 ,689 ,953 ,171 ,24 ,251 ,749 ,562 ,348 ,659 ,655 ,63 ,736 ,52 ,162 ,267 ,530 ,653 ,546 ,815 ,580 ,755 ,880 ,153 ,143 ,355 ,214 ,143 ,691 ,113 ,0 ,76 ,696 ,351 ,91 ,110 ,645 ,686 ,779 ,951 ,312 ,115 ,605 ,398 ,36 ,833 ,916 ,2 ,856 ,975 ,828 ,605 ,497 ,422 ,307 ,834 ,893 ,540 ,596 ,958 ,636 ,64 ,372 ,38 ,939 ,451 ,855 ,734 ,688 ,250 ,953 ,135 ,
844 ,966 ,382 ,346 ,732 ,545 ,127 ,849 ,963 ,617 ,360 ,886 ,106 ,144 ,838 ,517 ,976 ,650 ,652 ,896 ,1 ,INF ,227 ,239 ,615 ,622 ,406 ,576 ,620 ,755 ,192 ,811 ,759 ,560 ,110 ,971 ,853 ,771 ,430 ,681 ,894 ,618 ,799 ,245 ,125 ,693 ,579 ,978 ,221 ,603 ,807 ,110 ,827 ,798 ,30 ,406 ,INF ,586 ,287 ,0 ,582 ,560 ,397 ,442 ,941 ,430 ,658 ,460 ,150 ,257 ,259 ,82 ,588 ,468 ,717 ,135 ,822 ,403 ,49 ,942 ,484 ,410 ,6 ,368 ,378 ,323 ,277 ,540 ,116 ,177 ,257 ,920 ,44 ,781 ,469 ,339 ,887 ,647 ,179 ,283 ,
896 ,152 ,533 ,64 ,229 ,INF ,55 ,89 ,330 ,312 ,27 ,429 ,12 ,149 ,219 ,615 ,757 ,498 ,934 ,225 ,889 ,1 ,119 ,784 ,350 ,938 ,355 ,298 ,454 ,598 ,833 ,727 ,84 ,20 ,740 ,624 ,301 ,113 ,788 ,709 ,147 ,530 ,581 ,264 ,960 ,277 ,537 ,508 ,791 ,INF ,71 ,201 ,328 ,828 ,818 ,161 ,436 ,195 ,521 ,INF ,0 ,93 ,252 ,362 ,685 ,1 ,810 ,394 ,226 ,629 ,247 ,471 ,520 ,618 ,792 ,735 ,142 ,346 ,307 ,646 ,387 ,708 ,945 ,398 ,444 ,170 ,974 ,219 ,283 ,385 ,175 ,689 ,651 ,769 ,2 ,127 ,486 ,293 ,INF ,278 ,
278 ,447 ,179 ,424 ,197 ,162 ,360 ,713 ,804 ,51 ,417 ,191 ,833 ,INF ,330 ,126 ,14 ,567 ,139 ,716 ,844 ,769 ,279 ,800 ,192 ,272 ,942 ,895 ,564 ,286 ,566 ,659 ,138 ,INF ,272 ,296 ,255 ,404 ,347 ,596 ,209 ,322 ,330 ,909 ,338 ,306 ,900 ,941 ,112 ,233 ,508 ,387 ,860 ,408 ,772 ,640 ,437 ,857 ,638 ,435 ,565 ,0 ,664 ,509 ,732 ,716 ,297 ,255 ,970 ,338 ,297 ,647 ,271 ,483 ,140 ,635 ,499 ,893 ,672 ,928 ,633 ,155 ,729 ,891 ,225 ,939 ,88 ,199 ,105 ,111 ,676 ,890 ,307 ,424 ,127 ,26 ,756 ,381 ,78 ,836 ,
731 ,716 ,42 ,588 ,611 ,280 ,609 ,930 ,734 ,846 ,837 ,323 ,824 ,309 ,687 ,2 ,483 ,465 ,888 ,128 ,450 ,920 ,971 ,899 ,868 ,491 ,132 ,934 ,20 ,756 ,INF ,514 ,22 ,600 ,948 ,613 ,630 ,460 ,915 ,745 ,74 ,932 ,160 ,609 ,853 ,900 ,572 ,555 ,80 ,925 ,69 ,282 ,177 ,433 ,947 ,439 ,30 ,613 ,543 ,276 ,869 ,153 ,0 ,158 ,962 ,696 ,303 ,72 ,61 ,1 ,822 ,391 ,941 ,648 ,702 ,622 ,634 ,704 ,120 ,507 ,322 ,815 ,610 ,326 ,332 ,162 ,439 ,286 ,838 ,952 ,213 ,941 ,798 ,157 ,134 ,835 ,266 ,933 ,1 ,405 ,
875 ,INF ,659 ,328 ,493 ,275 ,838 ,284 ,843 ,775 ,315 ,798 ,246 ,119 ,228 ,676 ,576 ,845 ,511 ,342 ,422 ,922 ,INF ,288 ,560 ,177 ,410 ,68 ,887 ,764 ,INF ,351 ,333 ,716 ,560 ,956 ,277 ,566 ,385 ,537 ,467 ,276 ,185 ,789 ,426 ,41 ,516 ,491 ,384 ,629 ,255 ,709 ,210 ,743 ,614 ,33 ,347 ,109 ,601 ,830 ,321 ,245 ,574 ,0 ,INF ,774 ,256 ,307 ,633 ,947 ,840 ,634 ,131 ,953 ,509 ,623 ,13 ,166 ,584 ,636 ,951 ,129 ,284 ,INF ,93 ,759 ,903 ,482 ,678 ,872 ,643 ,21 ,23 ,427 ,799 ,199 ,488 ,480 ,829 ,254 ,
748 ,810 ,460 ,314 ,386 ,328 ,409 ,875 ,495 ,199 ,703 ,671 ,149 ,63 ,672 ,449 ,169 ,154 ,225 ,246 ,358 ,689 ,837 ,370 ,590 ,263 ,85 ,676 ,104 ,352 ,592 ,57 ,892 ,144 ,687 ,214 ,158 ,495 ,558 ,539 ,509 ,439 ,882 ,343 ,52 ,930 ,725 ,330 ,373 ,123 ,463 ,593 ,809 ,671 ,368 ,246 ,712 ,536 ,274 ,27 ,800 ,613 ,64 ,518 ,0 ,22 ,940 ,938 ,612 ,932 ,648 ,195 ,173 ,21 ,32 ,556 ,818 ,428 ,226 ,787 ,496 ,520 ,974 ,475 ,359 ,INF ,451 ,556 ,682 ,620 ,816 ,339 ,730 ,647 ,620 ,425 ,801 ,384 ,301 ,208 ,
627 ,521 ,732 ,346 ,429 ,808 ,841 ,256 ,278 ,75 ,575 ,105 ,54 ,840 ,187 ,201 ,160 ,218 ,829 ,42 ,841 ,462 ,467 ,490 ,448 ,422 ,953 ,86 ,807 ,200 ,863 ,523 ,661 ,583 ,225 ,863 ,601 ,157 ,573 ,850 ,858 ,818 ,245 ,677 ,248 ,183 ,589 ,351 ,432 ,429 ,609 ,539 ,669 ,350 ,640 ,809 ,849 ,618 ,289 ,383 ,521 ,944 ,685 ,829 ,113 ,0 ,110 ,746 ,831 ,254 ,626 ,237 ,184 ,918 ,265 ,792 ,444 ,479 ,248 ,108 ,120 ,41 ,21 ,363 ,839 ,687 ,826 ,847 ,203 ,499 ,901 ,478 ,179 ,824 ,272 ,573 ,837 ,973 ,864 ,295 ,
227 ,907 ,515 ,499 ,483 ,449 ,28 ,59 ,30 ,583 ,734 ,497 ,248 ,180 ,293 ,196 ,945 ,400 ,814 ,252 ,971 ,146 ,708 ,885 ,527 ,344 ,37 ,242 ,239 ,701 ,804 ,268 ,6 ,371 ,485 ,629 ,757 ,624 ,612 ,974 ,118 ,195 ,967 ,704 ,752 ,870 ,258 ,334 ,630 ,128 ,87 ,945 ,542 ,577 ,402 ,137 ,767 ,805 ,418 ,111 ,306 ,437 ,536 ,857 ,375 ,834 ,0 ,135 ,394 ,665 ,404 ,784 ,716 ,376 ,851 ,60 ,31 ,648 ,916 ,715 ,569 ,248 ,60 ,156 ,840 ,437 ,345 ,631 ,943 ,392 ,859 ,354 ,729 ,903 ,394 ,INF ,768 ,862 ,662 ,78 ,
551 ,608 ,39 ,892 ,91 ,226 ,959 ,47 ,449 ,60 ,363 ,146 ,531 ,422 ,848 ,569 ,868 ,INF ,538 ,647 ,895 ,555 ,724 ,561 ,751 ,369 ,886 ,581 ,969 ,167 ,408 ,17 ,601 ,761 ,213 ,631 ,482 ,610 ,888 ,955 ,931 ,32 ,429 ,187 ,INF ,127 ,670 ,593 ,686 ,326 ,321 ,111 ,INF ,321 ,664 ,670 ,376 ,702 ,347 ,766 ,566 ,858 ,770 ,506 ,680 ,196 ,20 ,0 ,895 ,483 ,671 ,227 ,821 ,166 ,670 ,310 ,571 ,581 ,712 ,427 ,147 ,918 ,435 ,689 ,INF ,831 ,334 ,507 ,838 ,434 ,805 ,307 ,883 ,181 ,335 ,264 ,34 ,615 ,169 ,464 ,
256 ,527 ,260 ,860 ,263 ,972 ,735 ,326 ,601 ,826 ,958 ,691 ,375 ,334 ,417 ,522 ,83 ,120 ,48 ,617 ,975 ,953 ,434 ,555 ,264 ,81 ,124 ,350 ,609 ,215 ,517 ,412 ,409 ,557 ,25 ,25 ,226 ,967 ,41 ,INF ,100 ,245 ,156 ,822 ,539 ,705 ,364 ,867 ,415 ,365 ,472 ,191 ,566 ,625 ,570 ,750 ,264 ,576 ,22 ,249 ,529 ,846 ,569 ,445 ,220 ,417 ,263 ,643 ,0 ,108 ,33 ,902 ,640 ,166 ,204 ,178 ,319 ,211 ,695 ,484 ,556 ,598 ,111 ,534 ,88 ,791 ,315 ,955 ,122 ,932 ,946 ,680 ,836 ,18 ,540 ,455 ,886 ,225 ,364 ,445 ,
591 ,919 ,569 ,234 ,712 ,454 ,825 ,934 ,49 ,553 ,INF ,470 ,743 ,293 ,490 ,463 ,218 ,579 ,159 ,323 ,590 ,821 ,105 ,381 ,133 ,506 ,951 ,472 ,200 ,37 ,746 ,444 ,9 ,281 ,445 ,672 ,875 ,306 ,INF ,752 ,234 ,136 ,639 ,618 ,912 ,34 ,796 ,255 ,949 ,31 ,24 ,376 ,INF ,106 ,903 ,411 ,838 ,168 ,244 ,172 ,298 ,920 ,332 ,192 ,145 ,977 ,401 ,349 ,99 ,0 ,206 ,205 ,7 ,634 ,957 ,207 ,451 ,859 ,493 ,345 ,961 ,637 ,70 ,280 ,881 ,395 ,177 ,282 ,277 ,288 ,826 ,476 ,745 ,630 ,551 ,283 ,228 ,307 ,758 ,603 ,
518 ,725 ,600 ,585 ,186 ,555 ,607 ,647 ,642 ,469 ,458 ,607 ,68 ,276 ,818 ,930 ,722 ,195 ,889 ,950 ,957 ,760 ,367 ,146 ,748 ,INF ,778 ,221 ,620 ,679 ,925 ,815 ,INF ,486 ,148 ,802 ,82 ,442 ,548 ,34 ,634 ,566 ,808 ,284 ,232 ,663 ,898 ,860 ,628 ,276 ,214 ,213 ,505 ,218 ,959 ,801 ,30 ,787 ,727 ,753 ,411 ,768 ,978 ,368 ,298 ,820 ,275 ,563 ,750 ,454 ,0 ,382 ,418 ,622 ,847 ,816 ,58 ,303 ,712 ,582 ,598 ,146 ,38 ,691 ,79 ,655 ,618 ,103 ,204 ,726 ,474 ,403 ,250 ,493 ,90 ,338 ,403 ,387 ,443 ,10 ,
557 ,309 ,297 ,527 ,619 ,862 ,INF ,634 ,19 ,349 ,793 ,623 ,704 ,INF ,730 ,27 ,66 ,80 ,312 ,977 ,471 ,474 ,775 ,418 ,153 ,45 ,200 ,723 ,60 ,843 ,575 ,846 ,681 ,776 ,INF ,535 ,829 ,563 ,924 ,535 ,79 ,953 ,43 ,367 ,624 ,959 ,660 ,279 ,27 ,262 ,408 ,863 ,938 ,161 ,497 ,881 ,444 ,762 ,177 ,556 ,875 ,914 ,904 ,945 ,743 ,784 ,868 ,41 ,528 ,261 ,289 ,0 ,16 ,796 ,500 ,716 ,102 ,596 ,611 ,674 ,840 ,902 ,972 ,56 ,98 ,443 ,60 ,839 ,272 ,78 ,374 ,579 ,219 ,260 ,54 ,331 ,346 ,653 ,195 ,270 ,
162 ,709 ,437 ,435 ,459 ,260 ,282 ,746 ,549 ,573 ,822 ,479 ,97 ,469 ,848 ,370 ,653 ,894 ,280 ,718 ,160 ,950 ,418 ,85 ,32 ,471 ,703 ,714 ,624 ,838 ,410 ,772 ,408 ,552 ,441 ,886 ,81 ,843 ,664 ,575 ,547 ,486 ,677 ,589 ,801 ,787 ,80 ,737 ,110 ,424 ,585 ,112 ,473 ,133 ,729 ,948 ,917 ,306 ,899 ,338 ,92 ,142 ,115 ,299 ,598 ,288 ,448 ,804 ,157 ,602 ,972 ,660 ,0 ,621 ,868 ,INF ,54 ,801 ,664 ,7 ,896 ,649 ,173 ,943 ,438 ,542 ,931 ,191 ,539 ,365 ,244 ,145 ,57 ,312 ,INF ,431 ,541 ,245 ,953 ,653 ,
605 ,612 ,322 ,703 ,24 ,800 ,311 ,442 ,303 ,298 ,489 ,462 ,253 ,33 ,339 ,843 ,509 ,67 ,447 ,436 ,821 ,827 ,306 ,727 ,840 ,771 ,772 ,942 ,802 ,941 ,716 ,148 ,651 ,324 ,902 ,632 ,69 ,41 ,276 ,543 ,638 ,320 ,663 ,523 ,488 ,722 ,140 ,502 ,443 ,534 ,252 ,675 ,893 ,766 ,279 ,237 ,108 ,954 ,178 ,618 ,303 ,104 ,665 ,330 ,158 ,539 ,209 ,956 ,32 ,477 ,915 ,638 ,400 ,0 ,122 ,347 ,265 ,717 ,197 ,608 ,292 ,476 ,302 ,714 ,11 ,27 ,664 ,159 ,573 ,753 ,503 ,549 ,907 ,119 ,703 ,526 ,518 ,14 ,773 ,810 ,
386 ,739 ,149 ,844 ,207 ,221 ,364 ,365 ,870 ,808 ,202 ,66 ,61 ,348 ,632 ,845 ,506 ,38 ,343 ,717 ,359 ,214 ,943 ,242 ,13 ,962 ,781 ,449 ,744 ,615 ,253 ,235 ,618 ,716 ,826 ,587 ,67 ,459 ,180 ,106 ,323 ,794 ,202 ,490 ,750 ,68 ,961 ,585 ,103 ,254 ,468 ,864 ,368 ,546 ,708 ,251 ,53 ,23 ,253 ,87 ,605 ,390 ,72 ,931 ,967 ,587 ,559 ,175 ,829 ,188 ,454 ,284 ,147 ,618 ,0 ,770 ,75 ,594 ,476 ,160 ,611 ,851 ,393 ,334 ,258 ,972 ,327 ,208 ,233 ,105 ,223 ,572 ,780 ,765 ,338 ,456 ,850 ,75 ,365 ,557 ,
560 ,365 ,977 ,195 ,739 ,435 ,900 ,380 ,550 ,488 ,265 ,534 ,29 ,763 ,917 ,653 ,249 ,11 ,552 ,482 ,624 ,301 ,INF ,529 ,513 ,500 ,114 ,432 ,978 ,124 ,391 ,551 ,463 ,62 ,804 ,83 ,60 ,819 ,299 ,906 ,590 ,777 ,113 ,141 ,18 ,592 ,79 ,178 ,590 ,78 ,21 ,872 ,944 ,109 ,14 ,814 ,51 ,445 ,315 ,440 ,420 ,524 ,75 ,508 ,204 ,449 ,181 ,510 ,124 ,55 ,631 ,813 ,130 ,846 ,328 ,0 ,669 ,385 ,831 ,775 ,126 ,111 ,905 ,796 ,742 ,383 ,346 ,961 ,266 ,422 ,501 ,784 ,788 ,171 ,847 ,74 ,316 ,229 ,904 ,748 ,
530 ,175 ,383 ,529 ,716 ,521 ,697 ,558 ,688 ,221 ,923 ,101 ,INF ,188 ,777 ,689 ,127 ,229 ,64 ,358 ,245 ,594 ,334 ,457 ,148 ,961 ,717 ,886 ,98 ,309 ,343 ,929 ,342 ,784 ,560 ,448 ,884 ,971 ,417 ,966 ,937 ,787 ,831 ,879 ,741 ,163 ,799 ,332 ,280 ,338 ,190 ,137 ,497 ,586 ,318 ,780 ,866 ,526 ,444 ,488 ,621 ,311 ,40 ,534 ,745 ,748 ,964 ,745 ,588 ,241 ,931 ,915 ,641 ,130 ,304 ,233 ,0 ,648 ,305 ,INF ,520 ,324 ,887 ,56 ,150 ,594 ,570 ,100 ,907 ,975 ,458 ,439 ,622 ,355 ,285 ,857 ,301 ,113 ,407 ,144 ,
126 ,768 ,681 ,500 ,663 ,153 ,25 ,488 ,11 ,738 ,736 ,471 ,219 ,577 ,446 ,335 ,809 ,504 ,747 ,695 ,443 ,180 ,353 ,549 ,764 ,147 ,405 ,692 ,881 ,874 ,271 ,823 ,537 ,115 ,9 ,631 ,609 ,718 ,911 ,448 ,INF ,362 ,198 ,377 ,921 ,213 ,271 ,465 ,2 ,10 ,399 ,414 ,631 ,624 ,47 ,101 ,644 ,598 ,46 ,552 ,824 ,453 ,910 ,115 ,45 ,441 ,804 ,402 ,15 ,284 ,580 ,698 ,178 ,963 ,833 ,87 ,362 ,0 ,633 ,869 ,204 ,660 ,290 ,560 ,703 ,113 ,335 ,757 ,774 ,699 ,357 ,815 ,949 ,712 ,266 ,199 ,491 ,664 ,979 ,824 ,
495 ,874 ,369 ,862 ,210 ,240 ,366 ,261 ,268 ,37 ,467 ,779 ,66 ,911 ,861 ,275 ,831 ,171 ,161 ,175 ,429 ,294 ,430 ,859 ,231 ,672 ,372 ,610 ,651 ,706 ,118 ,970 ,493 ,635 ,213 ,929 ,884 ,563 ,556 ,449 ,266 ,401 ,826 ,272 ,94 ,738 ,67 ,146 ,577 ,426 ,902 ,268 ,609 ,631 ,937 ,405 ,564 ,946 ,608 ,273 ,434 ,922 ,745 ,791 ,820 ,156 ,921 ,38 ,479 ,912 ,876 ,24 ,821 ,808 ,584 ,501 ,270 ,328 ,0 ,616 ,903 ,589 ,513 ,86 ,904 ,201 ,920 ,389 ,289 ,473 ,263 ,185 ,423 ,133 ,852 ,593 ,287 ,17 ,35 ,456 ,
670 ,212 ,679 ,556 ,200 ,299 ,27 ,720 ,478 ,924 ,47 ,647 ,716 ,727 ,287 ,545 ,944 ,487 ,852 ,92 ,841 ,437 ,770 ,533 ,548 ,127 ,228 ,546 ,718 ,704 ,977 ,212 ,843 ,161 ,686 ,385 ,781 ,440 ,24 ,229 ,142 ,255 ,139 ,19 ,874 ,544 ,591 ,865 ,453 ,893 ,102 ,68 ,538 ,119 ,702 ,401 ,368 ,336 ,488 ,789 ,227 ,301 ,751 ,713 ,651 ,235 ,272 ,679 ,262 ,414 ,323 ,43 ,628 ,849 ,435 ,769 ,249 ,95 ,702 ,0 ,621 ,271 ,907 ,109 ,970 ,308 ,943 ,800 ,21 ,829 ,188 ,178 ,880 ,277 ,820 ,30 ,16 ,638 ,235 ,147 ,
308 ,598 ,757 ,927 ,837 ,137 ,318 ,355 ,134 ,241 ,719 ,570 ,811 ,417 ,349 ,92 ,531 ,306 ,195 ,801 ,199 ,270 ,276 ,341 ,291 ,99 ,601 ,941 ,482 ,539 ,328 ,443 ,425 ,353 ,309 ,611 ,87 ,559 ,561 ,408 ,105 ,580 ,56 ,745 ,INF ,562 ,70 ,155 ,6 ,752 ,662 ,69 ,782 ,23 ,393 ,677 ,396 ,353 ,969 ,576 ,791 ,146 ,385 ,880 ,866 ,394 ,574 ,606 ,445 ,72 ,763 ,307 ,4 ,643 ,164 ,848 ,885 ,793 ,215 ,42 ,0 ,857 ,216 ,24 ,702 ,894 ,693 ,893 ,159 ,470 ,115 ,678 ,834 ,842 ,528 ,70 ,275 ,11 ,62 ,597 ,
855 ,47 ,88 ,928 ,473 ,763 ,593 ,287 ,708 ,162 ,50 ,757 ,818 ,187 ,790 ,399 ,636 ,892 ,504 ,185 ,271 ,819 ,782 ,74 ,882 ,471 ,218 ,406 ,701 ,533 ,465 ,931 ,427 ,617 ,301 ,973 ,255 ,684 ,883 ,974 ,956 ,385 ,394 ,14 ,141 ,INF ,319 ,502 ,883 ,690 ,930 ,692 ,43 ,218 ,330 ,941 ,321 ,688 ,199 ,285 ,863 ,251 ,196 ,771 ,236 ,440 ,445 ,480 ,972 ,371 ,75 ,403 ,652 ,897 ,329 ,898 ,214 ,741 ,165 ,693 ,372 ,0 ,307 ,616 ,906 ,360 ,677 ,197 ,644 ,725 ,174 ,504 ,127 ,912 ,29 ,432 ,234 ,107 ,879 ,381 ,
510 ,6 ,99 ,38 ,780 ,186 ,386 ,908 ,819 ,439 ,526 ,437 ,135 ,584 ,532 ,339 ,283 ,588 ,781 ,152 ,63 ,397 ,267 ,465 ,314 ,952 ,135 ,187 ,453 ,559 ,768 ,902 ,385 ,912 ,932 ,932 ,700 ,862 ,329 ,643 ,526 ,INF ,794 ,444 ,518 ,222 ,344 ,329 ,225 ,645 ,855 ,735 ,86 ,960 ,135 ,780 ,141 ,594 ,39 ,708 ,578 ,517 ,215 ,502 ,958 ,815 ,564 ,529 ,597 ,757 ,746 ,905 ,262 ,577 ,179 ,640 ,INF ,867 ,589 ,678 ,624 ,525 ,0 ,924 ,935 ,934 ,770 ,52 ,378 ,263 ,551 ,512 ,INF ,831 ,581 ,30 ,196 ,471 ,867 ,29 ,
465 ,588 ,934 ,901 ,6 ,514 ,79 ,794 ,493 ,741 ,434 ,19 ,788 ,565 ,98 ,615 ,427 ,829 ,164 ,763 ,833 ,339 ,476 ,914 ,771 ,638 ,177 ,860 ,478 ,129 ,544 ,375 ,446 ,342 ,179 ,125 ,603 ,978 ,79 ,224 ,734 ,882 ,183 ,512 ,437 ,503 ,87 ,INF ,839 ,754 ,67 ,233 ,580 ,2 ,255 ,392 ,484 ,INF ,616 ,323 ,342 ,868 ,766 ,448 ,959 ,122 ,205 ,661 ,621 ,707 ,912 ,648 ,165 ,226 ,808 ,910 ,INF ,795 ,158 ,918 ,575 ,134 ,130 ,0 ,715 ,125 ,841 ,544 ,186 ,488 ,152 ,805 ,61 ,547 ,469 ,809 ,417 ,664 ,176 ,268 ,
783 ,750 ,954 ,810 ,948 ,775 ,834 ,665 ,958 ,475 ,836 ,771 ,773 ,423 ,791 ,635 ,771 ,961 ,304 ,375 ,505 ,242 ,110 ,160 ,406 ,364 ,729 ,5 ,489 ,843 ,870 ,210 ,261 ,92 ,38 ,374 ,6 ,228 ,90 ,195 ,95 ,116 ,670 ,123 ,550 ,812 ,497 ,843 ,923 ,905 ,336 ,119 ,443 ,866 ,225 ,22 ,977 ,285 ,931 ,775 ,754 ,240 ,961 ,296 ,237 ,442 ,174 ,78 ,19 ,719 ,962 ,594 ,390 ,312 ,534 ,897 ,920 ,543 ,34 ,613 ,107 ,33 ,2 ,834 ,0 ,783 ,179 ,593 ,460 ,819 ,459 ,796 ,365 ,710 ,796 ,692 ,65 ,783 ,287 ,818 ,
586 ,160 ,231 ,511 ,202 ,465 ,484 ,945 ,44 ,177 ,381 ,352 ,179 ,703 ,175 ,804 ,555 ,493 ,522 ,950 ,65 ,40 ,229 ,265 ,927 ,419 ,536 ,512 ,76 ,434 ,189 ,448 ,649 ,521 ,132 ,515 ,586 ,581 ,944 ,801 ,239 ,93 ,726 ,52 ,98 ,141 ,575 ,485 ,289 ,204 ,118 ,613 ,547 ,136 ,853 ,411 ,365 ,13 ,318 ,393 ,179 ,827 ,397 ,186 ,596 ,857 ,831 ,104 ,11 ,250 ,602 ,441 ,44 ,18 ,854 ,739 ,656 ,10 ,894 ,524 ,791 ,841 ,494 ,574 ,636 ,0 ,49 ,397 ,17 ,INF ,225 ,231 ,400 ,554 ,322 ,488 ,957 ,593 ,537 ,291 ,
393 ,103 ,424 ,470 ,711 ,156 ,625 ,3 ,412 ,264 ,358 ,620 ,758 ,405 ,535 ,526 ,676 ,650 ,258 ,202 ,920 ,529 ,534 ,692 ,516 ,16 ,277 ,28 ,858 ,84 ,569 ,202 ,393 ,928 ,173 ,291 ,294 ,284 ,579 ,677 ,192 ,833 ,684 ,657 ,643 ,289 ,651 ,871 ,696 ,697 ,438 ,297 ,190 ,302 ,615 ,667 ,593 ,411 ,929 ,403 ,516 ,642 ,675 ,738 ,771 ,866 ,177 ,163 ,256 ,415 ,601 ,491 ,265 ,174 ,329 ,695 ,443 ,249 ,520 ,695 ,662 ,169 ,511 ,495 ,INF ,363 ,0 ,613 ,337 ,508 ,422 ,171 ,376 ,INF ,269 ,648 ,869 ,357 ,263 ,762 ,
260 ,886 ,119 ,1 ,538 ,762 ,140 ,41 ,220 ,942 ,34 ,62 ,968 ,130 ,237 ,288 ,644 ,897 ,319 ,242 ,382 ,INF ,439 ,224 ,213 ,442 ,185 ,16 ,793 ,540 ,175 ,458 ,50 ,93 ,339 ,355 ,38 ,229 ,305 ,581 ,650 ,374 ,478 ,882 ,490 ,790 ,488 ,784 ,269 ,593 ,783 ,770 ,708 ,221 ,412 ,585 ,128 ,550 ,352 ,661 ,614 ,729 ,326 ,INF ,231 ,501 ,239 ,241 ,623 ,108 ,788 ,429 ,663 ,968 ,816 ,281 ,622 ,296 ,128 ,921 ,825 ,810 ,898 ,764 ,823 ,605 ,513 ,0 ,818 ,389 ,940 ,37 ,304 ,506 ,INF ,818 ,INF ,744 ,175 ,912 ,
133 ,884 ,926 ,220 ,762 ,976 ,866 ,535 ,717 ,943 ,343 ,771 ,527 ,861 ,600 ,428 ,385 ,940 ,599 ,890 ,909 ,845 ,419 ,338 ,32 ,801 ,970 ,INF ,122 ,129 ,821 ,551 ,925 ,638 ,733 ,642 ,273 ,326 ,474 ,803 ,555 ,751 ,398 ,231 ,INF ,891 ,618 ,690 ,920 ,903 ,541 ,515 ,962 ,660 ,578 ,763 ,303 ,281 ,767 ,800 ,866 ,670 ,601 ,746 ,958 ,673 ,75 ,INF ,120 ,376 ,743 ,427 ,598 ,183 ,278 ,62 ,501 ,486 ,295 ,589 ,757 ,241 ,339 ,353 ,756 ,503 ,522 ,672 ,0 ,582 ,11 ,32 ,528 ,49 ,716 ,98 ,308 ,117 ,112 ,309 ,
833 ,661 ,29 ,809 ,300 ,142 ,INF ,INF ,888 ,624 ,731 ,605 ,906 ,465 ,766 ,752 ,427 ,797 ,741 ,929 ,462 ,247 ,666 ,376 ,346 ,103 ,2 ,527 ,522 ,729 ,737 ,324 ,750 ,547 ,840 ,598 ,89 ,317 ,48 ,603 ,241 ,618 ,692 ,138 ,245 ,856 ,726 ,302 ,732 ,387 ,578 ,304 ,642 ,910 ,735 ,663 ,310 ,71 ,773 ,86 ,502 ,516 ,540 ,854 ,763 ,613 ,344 ,824 ,569 ,88 ,971 ,251 ,198 ,736 ,636 ,670 ,467 ,271 ,55 ,77 ,195 ,128 ,824 ,279 ,369 ,551 ,333 ,760 ,116 ,0 ,368 ,912 ,378 ,751 ,566 ,474 ,444 ,288 ,426 ,702 ,
63 ,953 ,593 ,741 ,376 ,564 ,183 ,619 ,241 ,16 ,329 ,749 ,255 ,INF ,731 ,659 ,204 ,713 ,6 ,788 ,619 ,200 ,776 ,566 ,584 ,159 ,730 ,104 ,444 ,641 ,940 ,189 ,296 ,784 ,693 ,172 ,625 ,26 ,85 ,122 ,969 ,825 ,364 ,288 ,449 ,909 ,39 ,791 ,697 ,661 ,635 ,809 ,465 ,612 ,780 ,824 ,116 ,712 ,888 ,590 ,457 ,928 ,4 ,706 ,420 ,631 ,689 ,681 ,517 ,669 ,883 ,395 ,830 ,426 ,661 ,748 ,191 ,880 ,283 ,6 ,102 ,163 ,511 ,151 ,686 ,186 ,INF ,366 ,84 ,543 ,0 ,158 ,99 ,550 ,372 ,532 ,896 ,870 ,73 ,928 ,
343 ,407 ,290 ,415 ,346 ,408 ,115 ,321 ,148 ,486 ,192 ,551 ,888 ,809 ,286 ,8 ,937 ,167 ,467 ,311 ,183 ,793 ,INF ,718 ,801 ,557 ,521 ,399 ,118 ,178 ,474 ,INF ,520 ,440 ,179 ,655 ,418 ,703 ,457 ,2 ,135 ,60 ,769 ,186 ,95 ,569 ,514 ,355 ,857 ,57 ,105 ,870 ,355 ,923 ,967 ,20 ,705 ,80 ,169 ,115 ,238 ,505 ,941 ,612 ,799 ,787 ,355 ,795 ,858 ,379 ,313 ,236 ,118 ,375 ,539 ,910 ,193 ,239 ,61 ,659 ,51 ,840 ,16 ,546 ,313 ,23 ,339 ,641 ,670 ,527 ,507 ,0 ,692 ,350 ,20 ,617 ,355 ,283 ,273 ,755 ,
824 ,439 ,767 ,978 ,474 ,871 ,625 ,929 ,640 ,613 ,504 ,174 ,815 ,378 ,691 ,478 ,48 ,950 ,729 ,364 ,826 ,134 ,704 ,979 ,96 ,607 ,103 ,848 ,741 ,313 ,579 ,752 ,822 ,INF ,110 ,662 ,380 ,182 ,165 ,4 ,82 ,529 ,714 ,309 ,415 ,825 ,622 ,66 ,565 ,192 ,924 ,567 ,743 ,152 ,751 ,248 ,919 ,489 ,194 ,182 ,26 ,268 ,259 ,640 ,551 ,718 ,524 ,709 ,448 ,609 ,548 ,462 ,468 ,839 ,578 ,923 ,259 ,938 ,258 ,441 ,528 ,32 ,444 ,901 ,525 ,657 ,837 ,675 ,184 ,518 ,283 ,878 ,0 ,268 ,545 ,156 ,369 ,303 ,248 ,222 ,
623 ,375 ,477 ,845 ,216 ,917 ,349 ,528 ,464 ,24 ,510 ,828 ,977 ,370 ,583 ,460 ,341 ,757 ,18 ,709 ,789 ,135 ,456 ,444 ,335 ,269 ,39 ,656 ,977 ,147 ,568 ,800 ,99 ,312 ,172 ,296 ,646 ,669 ,805 ,INF ,17 ,364 ,485 ,724 ,217 ,369 ,40 ,1 ,907 ,100 ,157 ,460 ,358 ,161 ,116 ,448 ,152 ,596 ,643 ,380 ,358 ,945 ,568 ,931 ,922 ,906 ,283 ,272 ,922 ,642 ,324 ,584 ,313 ,144 ,258 ,968 ,655 ,934 ,381 ,912 ,815 ,356 ,673 ,457 ,525 ,252 ,444 ,330 ,751 ,INF ,951 ,219 ,897 ,0 ,301 ,801 ,195 ,398 ,250 ,INF ,
652 ,143 ,67 ,476 ,577 ,656 ,405 ,288 ,564 ,122 ,129 ,156 ,742 ,403 ,199 ,88 ,88 ,85 ,670 ,390 ,519 ,232 ,241 ,8 ,851 ,421 ,659 ,583 ,74 ,341 ,580 ,637 ,810 ,235 ,514 ,708 ,827 ,926 ,162 ,335 ,105 ,181 ,268 ,297 ,441 ,674 ,3 ,321 ,569 ,378 ,123 ,236 ,686 ,289 ,862 ,356 ,90 ,691 ,836 ,435 ,558 ,862 ,660 ,925 ,252 ,979 ,98 ,391 ,213 ,358 ,711 ,682 ,501 ,740 ,687 ,310 ,203 ,801 ,774 ,237 ,350 ,438 ,168 ,343 ,227 ,294 ,889 ,363 ,793 ,770 ,573 ,220 ,306 ,25 ,0 ,909 ,883 ,855 ,862 ,852 ,
616 ,122 ,296 ,705 ,918 ,163 ,106 ,338 ,10 ,723 ,77 ,584 ,864 ,INF ,567 ,844 ,182 ,382 ,470 ,320 ,244 ,543 ,423 ,540 ,867 ,566 ,108 ,327 ,326 ,496 ,874 ,189 ,649 ,78 ,477 ,818 ,474 ,628 ,123 ,603 ,971 ,730 ,655 ,640 ,435 ,38 ,104 ,593 ,834 ,476 ,175 ,951 ,223 ,614 ,510 ,12 ,126 ,878 ,123 ,686 ,412 ,863 ,768 ,208 ,243 ,948 ,641 ,36 ,228 ,65 ,193 ,531 ,502 ,204 ,426 ,206 ,569 ,323 ,94 ,640 ,178 ,834 ,430 ,INF ,958 ,752 ,735 ,321 ,827 ,889 ,108 ,85 ,923 ,860 ,433 ,0 ,58 ,971 ,707 ,248 ,
959 ,INF ,158 ,218 ,959 ,24 ,504 ,71 ,29 ,961 ,81 ,365 ,616 ,908 ,711 ,867 ,295 ,961 ,604 ,935 ,958 ,211 ,309 ,564 ,551 ,45 ,762 ,779 ,702 ,194 ,577 ,494 ,403 ,625 ,30 ,700 ,421 ,808 ,5 ,195 ,224 ,549 ,229 ,328 ,423 ,129 ,969 ,344 ,260 ,582 ,306 ,336 ,INF ,13 ,62 ,203 ,241 ,INF ,INF ,876 ,911 ,959 ,301 ,194 ,141 ,345 ,223 ,228 ,744 ,10 ,971 ,673 ,15 ,680 ,906 ,596 ,941 ,425 ,204 ,376 ,698 ,1 ,615 ,225 ,74 ,38 ,203 ,346 ,546 ,922 ,244 ,508 ,84 ,315 ,186 ,461 ,0 ,572 ,828 ,411 ,
719 ,763 ,588 ,579 ,35 ,485 ,886 ,593 ,154 ,920 ,211 ,566 ,975 ,262 ,876 ,321 ,237 ,712 ,546 ,454 ,743 ,107 ,322 ,563 ,737 ,22 ,540 ,218 ,348 ,20 ,435 ,601 ,2 ,343 ,448 ,474 ,809 ,511 ,220 ,705 ,752 ,INF ,INF ,936 ,763 ,56 ,6 ,558 ,910 ,523 ,938 ,196 ,33 ,860 ,760 ,739 ,284 ,501 ,663 ,744 ,445 ,461 ,682 ,889 ,759 ,176 ,637 ,954 ,738 ,508 ,210 ,945 ,53 ,756 ,398 ,438 ,856 ,493 ,782 ,INF ,508 ,331 ,110 ,323 ,88 ,282 ,453 ,233 ,507 ,506 ,552 ,9 ,356 ,637 ,54 ,705 ,667 ,0 ,96 ,156 ,
210 ,419 ,521 ,606 ,733 ,445 ,531 ,773 ,504 ,770 ,216 ,857 ,463 ,75 ,813 ,580 ,185 ,572 ,505 ,576 ,177 ,364 ,247 ,740 ,66 ,248 ,77 ,86 ,659 ,209 ,195 ,615 ,747 ,233 ,7 ,473 ,124 ,123 ,242 ,783 ,696 ,775 ,463 ,846 ,281 ,INF ,33 ,547 ,769 ,341 ,321 ,47 ,752 ,747 ,493 ,545 ,276 ,552 ,732 ,834 ,277 ,802 ,698 ,357 ,637 ,490 ,783 ,351 ,614 ,910 ,322 ,859 ,108 ,822 ,195 ,802 ,735 ,509 ,31 ,938 ,504 ,228 ,41 ,437 ,920 ,246 ,921 ,489 ,932 ,194 ,378 ,729 ,961 ,786 ,572 ,198 ,1 ,714 ,0 ,795 ,
864 ,372 ,216 ,828 ,571 ,404 ,115 ,712 ,600 ,647 ,755 ,655 ,131 ,949 ,496 ,259 ,59 ,515 ,958 ,726 ,525 ,791 ,INF ,777 ,573 ,119 ,236 ,404 ,473 ,592 ,484 ,899 ,363 ,896 ,64 ,831 ,680 ,465 ,517 ,130 ,634 ,192 ,427 ,827 ,320 ,INF ,505 ,885 ,940 ,296 ,308 ,373 ,954 ,786 ,906 ,342 ,296 ,165 ,874 ,403 ,898 ,408 ,419 ,INF ,34 ,165 ,234 ,346 ,530 ,161 ,860 ,811 ,657 ,815 ,146 ,194 ,898 ,105 ,729 ,748 ,394 ,119 ,350 ,567 ,929 ,798 ,41 ,229 ,576 ,468 ,728 ,97 ,484 ,521 ,741 ,829 ,65 ,84 ,784 ,0 ,

The following matrix shows the shortest distances between every pair of vertices 
0   39   29   47   40   23   47   55   34   30   77   24   13   41   38   48   42   30   24   46   68   42   22   42   57   56   31   41   58   2   31   39   46   53   37   51   49   68   42   29   23   44   86   40   42   26   46   7   34   48   45   53   67   18   38   29   30   40   22   71   51   56   46   51   44   52   46   40   46   47   51   51   52   32   65   24   64   38   67   48   55   38   45   55   43   40   75   46   40   29   42   45   25   6   53   34   37   46   36   61   
71   0   41   28   37   33   46   52   30   42   38   34   52   37   19   44   47   34   5   61   70   40   45   23   39   49   66   29   56   47   19   38   29   49   39   55   30   54   38   37   50   43   101   48   41   53   33   34   21   58   35   40   60   28   37   17   49   40   56   71   65   55   42   47   44   56   29   37   34   43   47   64   48   13   26   23   60   48   58   44   51   34   26   75   24   40   87   27   27   69   38   36   52   33   56   35   33   27   32   46   
149   78   0   106   91   94   94   106   73   104   116   95   107   80   97   105   101   89   83   106   113   83   106   101   116   110   103   80   99   108   82   86   72   92   82   106   94   118   81   99   93   94   107   91   96   120   94   110   99   107   99   101   120   89   92   95   92   104   113   130   121   110   111   90   108   122   66   94   91   86   90   95   91   77   104   78   97   97   71   98   119   77   90   125   88   104   137   105   105   112   114   97   95   109   106   96   76   88   75   100   
91   33   55   0   45   46   60   60   48   69   71   37   66   55   52   19   55   43   38   60   69   58   23   39   63   64   87   55   71   75   33   52   47   48   50   58   63   79   31   13   60   28   100   41   55   38   34   49   36   54   49   41   72   41   51   31   46   47   66   78   78   69   57   40   51   73   62   53   45   38   65   65   43   46   59   37   53   44   41   50   62   29   27   86   57   34   83   60   42   87   53   11   62   48   31   49   28   58   50   56   
85   14   55   42   0   35   60   15   36   56   52   36   44   43   33   27   10   42   19   61   71   46   47   37   53   24   77   34   26   61   33   37   35   55   33   57   44   68   32   51   64   48   101   42   55   60   47   48   35   57   49   54   71   30   51   31   47   54   47   85   67   31   25   41   58   68   43   51   48   26   52   69   33   27   40   37   54   50   49   40   65   28   8   89   38   44   78   41   41   75   52   50   64   47   46   38   27   41   26   37   
66   31   30   51   28   0   35   43   26   44   59   1   41   33   48   34   38   7   34   56   61   19   12   42   34   46   50   33   52   64   8   18   42   45   14   28   47   54   27   26   40   41   96   30   30   43   37   24   11   25   24   44   44   17   26   6   35   29   45   60   32   44   32   36   33   33   48   28   23   33   43   57   30   30   57   12   49   15   56   34   41   30   35   65   41   30   76   50   17   48   28   49   42   23   34   24   29   44   28   53   
98   41   62   69   54   45   0   25   36   67   79   46   70   43   60   66   55   52   46   73   52   64   57   64   69   67   94   43   62   74   40   49   56   55   45   69   57   79   44   58   72   57   87   54   59   64   60   56   43   70   56   67   83   40   55   38   22   61   76   51   77   41   64   53   24   46   70   57   54   49   53   44   52   40   56   41   66   60   69   59   73   40   53   97   51   67   67   68   49   93   60   63   74   55   69   26   39   54   38   63   
86   36   50   59   48   20   55   0   31   62   74   21   61   38   55   43   30   27   41   68   71   39   32   59   54   44   70   38   46   69   28   38   51   50   34   48   52   74   39   46   60   52   108   49   50   63   55   44   31   45   44   62   64   15   46   26   50   49   65   80   52   16   41   48   53   53   65   48   43   42   48   72   49   35   62   32   61   35   64   42   61   35   48   85   46   50   95   58   37   68   48   58   62   43   54   42   34   49   33   58   
76   5   46   33   21   21   28   36   0   31   43   22   34   7   24   35   31   16   10   37   40   31   33   28   44   40   62   7   26   38   24   13   20   19   9   33   21   45   8   29   44   21   77   18   23   47   24   37   26   44   26   31   47   16   19   22   19   31   40   57   53   37   41   17   35   54   34   21   18   13   17   41   18   4   31   5   30   36   33   25   56   4   17   71   15   31   64   32   32   60   43   27   40   36   33   23   3   18   2   27   
95   37   59   65   49   47   64   64   38   0   55   22   46   45   56   23   12   28   42   63   73   48   27   43   27   26   74   36   28   63   37   39   37   52   35   59   59   79   34   17   40   32   103   44   59   42   38   36   40   18   52   45   73   42   55   35   49   51   70   82   68   60   27   43   55   69   63   57   49   28   55   69   35   42   63   41   56   48   45   42   66   30   31   84   53   38   87   64   46   77   57   15   42   35   35   53   29   43   28   60   
99   41   63   69   53   51   68   68   42   4   0   26   50   49   60   27   16   32   46   60   73   52   31   47   31   30   78   40   32   67   41   43   41   52   39   63   63   83   38   21   44   36   95   48   63   27   42   8   44   22   56   49   77   46   59   39   53   55   74   86   72   64   31   47   59   18   67   61   53   32   59   52   39   46   67   45   60   52   49   46   70   34   35   56   57   42   91   68   50   81   61   19   46   39   39   57   33   47   32   64   
84   53   74   60   53   66   64   68   48   65   84   0   69   55   72   58   63   6   58   69   67   43   11   63   58   55   74   55   74   77   52   17   59   67   13   37   60   83   40   54   48   69   99   29   71   73   62   54   41   49   33   69   53   61   67   50   34   35   62   66   57   82   56   49   39   58   71   69   40   57   65   56   39   43   71   53   61   39   80   46   71   52   56   95   54   29   75   59   46   72   57   66   50   53   59   38   51   57   50   62   
93   36   16   64   52   49   59   65   31   62   74   50   0   38   55   61   62   47   41   68   55   62   61   59   75   71   89   38   57   69   35   44   51   50   40   64   52   74   39   53   67   40   82   49   54   59   55   51   38   74   51   62   78   44   50   33   17   56   71   87   81   68   59   48   60   82   65   52   49   44   48   39   49   35   62   36   61   64   64   56   68   35   48   92   46   62   62   63   44   91   55   58   69   50   64   21   34   49   33   58   
74   31   46   50   47   38   54   60   26   53   69   39   60   0   50   48   57   42   36   57   33   33   40   54   61   45   64   33   52   64   24   35   43   12   35   27   47   69   34   42   46   47   77   44   49   49   50   30   33   58   46   57   43   33   45   28   12   51   33   81   70   63   46   43   54   71   37   47   11   39   10   34   29   30   57   31   56   48   59   36   63   30   43   78   41   57   57   49   39   62   50   53   48   29   59   16   29   44   28   20   
91   50   55   78   53   47   60   65   45   69   80   48   66   52   0   59   63   48   55   63   85   55   59   4   74   74   75   52   71   76   33   35   44   64   36   60   66   79   34   51   65   50   103   44   55   68   62   49   36   70   49   69   73   42   51   31   49   54   70   85   73   69   57   43   58   74   38   18   48   39   58   71   44   49   76   37   56   62   78   51   66   30   60   90   60   67   68   77   42   84   53   64   47   48   59   49   29   63   47   27   
86   47   72   62   56   63   48   71   42   59   85   64   76   49   66   0   66   58   52   41   69   45   54   47   73   57   76   49   68   59   50   55   41   61   51   39   62   86   12   44   80   59   81   60   65   62   45   64   59   70   68   52   55   58   61   54   61   73   82   99   70   79   58   21   72   71   50   60   60   55   59   46   41   45   73   47   34   60   22   48   89   46   58   90   56   65   106   61   65   74   76   42   44   63   62   65   45   39   44   69   
92   31   50   59   47   35   54   62   26   48   68   36   34   33   50   17   0   42   36   51   66   36   47   43   55   14   67   24   16   53   35   27   25   45   23   47   47   71   22   53   58   38   91   32   49   50   49   58   46   47   40   56   61   30   45   41   37   45   66   76   67   48   15   31   49   68   60   47   44   16   43   59   23   30   57   31   44   44   39   30   76   18   40   97   41   34   82   58   51   65   53   52   54   57   47   41   17   44   16   53   
127   77   79   93   67   88   92   72   78   80   78   81   63   85   84   70   77   0   70   84   92   52   92   61   85   85   83   85   88   106   88   80   78   71   76   86   95   90   75   82   76   97   124   85   93   79   56   60   47   77   93   63   102   83   89   86   80   89   104   103   51   88   68   84   93   52   96   91   82   69   95   102   76   78   103   75   97   67   92   70   77   71   71   101   89   76   69   92   53   81   64   85   78   59   53   74   70   88   69   84   
66   27   56   23   32   46   53   47   25   48   56   47   59   32   14   39   42   41   0   56   65   35   43   18   64   44   66   24   51   42   34   38   24   44   34   52   25   49   33   33   61   38   96   43   48   58   28   47   46   55   51   35   55   41   44   41   44   48   60   79   78   62   45   42   52   74   52   32   38   38   42   59   43   8   53   30   55   45   53   50   76   29   21   95   19   35   82   22   52   64   63   31   61   46   51   48   28   22   27   41   
112   52   74   43   64   62   48   73   47   51   47   50   81   54   54   55   63   56   55   0   28   63   18   58   55   77   89   54   73   85   52   30   59   66   45   69   68   75   49   55   62   68   40   36   70   70   71   51   38   46   46   78   85   57   66   57   41   49   69   80   81   84   53   32   53   65   81   68   47   54   64   63   59   51   78   52   45   36   51   55   68   45   62   58   62   36   85   77   44   92   49   53   55   50   73   45   44   65   49   74   
84   41   46   50   57   38   54   72   36   37   72   39   70   43   26   27   49   45   27   54   0   46   50   30   64   63   77   43   45   63   24   2   35   55   33   57   52   47   25   42   68   57   94   42   59   60   55   58   49   55   18   62   71   33   55   44   47   55   61   86   70   67   25   34   59   71   63   44   39   26   53   69   33   35   67   41   47   53   49   27   71   28   48   95   46   62   88   49   48   75   21   52   44   57   57   40   27   49   26   47   
95   31   58   47   39   47   40   54   26   50   62   29   52   33   50   40   49   34   36   63   66   0   40   54   34   63   31   33   52   64   50   28   46   45   24   48   47   60   34   52   46   47   103   44   41   49   50   30   17   25   44   57   64   42   37   48   45   46   52   73   74   55   38   43   50   72   59   39   30   39   43   67   44   30   57   23   56   15   59   40   47   30   41   71   41   57   90   46   23   29   34   53   48   29   59   44   29   44   28   53   
99   42   63   70   49   55   53   64   37   62   75   42   71   44   61   52   59   48   47   74   63   45   0   59   47   72   76   44   63   70   41   41   52   56   37   54   53   72   45   50   44   58   88   18   60   62   56   43   30   38   57   63   70   50   56   39   23   31   51   62   72   74   50   54   35   57   67   58   29   50   54   45   55   36   67   42   50   28   70   52   60   41   49   84   47   18   67   69   35   74   46   59   46   42   70   27   40   50   39   64   
100   50   73   78   55   43   62   67   45   76   76   44   68   52   69   68   65   50   55   59   85   55   55   0   72   70   71   52   71   72   51   36   44   64   32   56   66   90   30   47   67   62   99   40   57   69   58   67   54   66   52   65   69   38   53   49   45   54   85   84   69   71   71   39   57   70   68   55   63   35   62   67   40   49   76   39   52   58   78   47   84   26   62   105   60   63   64   77   60   84   71   60   43   66   55   49   25   63   47   23   
109   48   69   76   48   52   64   63   43   72   68   44   53   50   67   75   58   50   53   68   62   38   29   51   0   72   69   50   69   81   52   56   42   54   52   66   64   88   39   19   13   34   108   47   66   44   46   59   55   63   68   53   78   47   62   58   52   30   63   61   41   79   73   48   34   42   36   64   41   44   60   69   49   47   66   48   61   53   76   56   85   35   56   64   58   47   96   75   61   67   72   69   15   59   43   56   34   61   45   70   
78   17   36   45   33   21   40   48   12   43   54   22   20   19   36   3   43   28   22   37   52   22   33   29   41   0   53   19   21   39   21   13   11   31   9   33   33   57   8   39   44   33   77   18   35   36   35   44   32   33   26   42   47   16   31   27   23   31   52   62   53   49   1   17   35   54   46   33   30   2   29   45   9   16   43   17   30   30   25   16   62   4   29   83   27   20   68   44   37   51   39   38   40   43   33   27   3   30   2   39   
74   31   57   40   47   35   44   62   26   27   64   36   60   33   31   17   39   42   17   51   66   36   47   35   54   53   0   33   35   53   35   27   25   45   23   47   42   37   22   44   58   47   80   32   49   50   41   43   30   45   40   48   61   30   45   41   37   45   66   76   67   63   15   31   49   68   60   47   44   16   43   59   23   25   57   31   44   50   39   17   24   18   38   48   36   52   82   39   36   65   11   42   54   42   47   41   17   35   16   53   
90   22   63   50   59   55   68   74   52   24   60   46   70   59   41   47   36   52   27   54   73   41   51   45   51   50   72   0   52   69   41   23   51   71   19   43   52   76   46   41   54   14   94   68   63   66   55   56   43   42   39   62   59   50   59   39   71   41   55   72   82   77   51   55   45   67   51   51   56   52   69   80   45   35   48   45   68   56   69   52   73   54   16   97   46   62   86   49   49   70   60   39   56   55   59   46   53   49   52   45   
86   15   56   43   49   48   61   64   45   32   53   49   67   52   34   55   44   49   20   62   81   49   59   38   54   58   80   8   0   62   34   31   44   64   27   51   45   69   53   49   62   22   102   63   56   68   48   49   36   50   47   55   67   43   47   32   63   49   63   80   80   32   57   62   53   71   44   49   49   58   62   79   53   28   41   38   75   63   73   59   66   49   24   90   39   55   94   42   42   78   53   47   64   48   67   50   48   42   47   53   
87   37   51   45   49   21   56   64   32   28   75   22   61   39   36   51   40   28   22   69   70   40   33   40   55   54   35   39   56   0   29   39   46   51   35   49   47   71   40   27   21   42   92   50   51   24   44   5   32   46   45   51   65   16   47   27   51   38   66   69   49   65   50   49   42   50   44   49   44   45   49   49   50   30   63   33   62   36   65   52   59   36   43   53   41   51   96   44   38   33   46   43   23   4   51   45   35   44   34   59   
80   30   22   58   42   14   49   57   25   44   68   15   55   32   49   48   52   21   35   61   65   33   26   53   48   58   64   32   51   63   0   32   45   44   28   40   46   68   33   18   50   33   101   43   44   43   49   34   25   39   38   56   56   9   40   20   44   43   37   74   46   58   46   42   47   47   59   42   15   38   42   66   42   29   56   26   55   29   58   48   55   29   32   79   40   44   89   57   31   62   42   52   52   33   48   16   28   43   27   52   
115   44   85   72   81   72   89   89   68   48   70   70   80   75   56   61   60   76   49   52   80   69   56   58   75   74   98   73   76   91   63   0   67   81   77   96   74   98   23   46   88   61   92   74   85   71   73   78   65   66   16   80   104   72   81   61   79   84   100   106   68   65   75   32   79   69   61   74   78   71   85   101   76   57   70   67   45   84   83   83   95   62   69   101   68   74   86   71   71   98   82   53   42   77   70   79   61   71   70   45   
77   6   32   34   22   22   29   37   1   32   44   23   35   8   25   36   32   17   11   38   41   11   34   29   45   41   42   8   27   39   10   14   0   20   10   34   22   46   9   28   45   22   78   19   24   48   25   38   27   36   27   32   48   17   20   23   20   32   41   58   54   38   42   18   36   55   35   22   19   14   18   35   19   5   32   6   31   26   34   26   57   5   18   72   16   32   65   33   33   40   44   28   41   37   34   24   4   19   3   28   
62   37   63   38   45   53   51   60   32   58   71   50   53   39   47   36   55   48   42   69   21   21   56   51   49   33   52   37   54   55   41   23   31   0   30   15   38   62   40   46   62   51   101   43   55   69   41   51   38   46   39   48   31   48   51   54   48   52   72   83   85   69   34   49   56   78   25   53   50   35   49   66   17   21   63   37   56   36   58   24   68   32   34   92   32   48   93   37   44   50   42   44   64   50   61   52   35   35   34   59   
71   48   78   47   40   63   60   55   47   52   74   59   62   54   60   45   50   63   53   56   54   30   51   50   58   42   61   46   63   64   56   4   46   66   0   24   47   71   27   41   35   56   96   52   70   66   50   54   47   55   20   57   40   58   66   63   57   22   72   53   63   69   43   36   26   48   58   68   50   44   64   61   26   30   58   52   49   45   67   33   77   41   43   101   41   57   90   46   53   59   64   53   37   53   65   61   45   44   44   49   
47   25   54   23   30   39   36   45   23   46   56   35   38   30   44   21   40   39   30   54   63   6   41   47   34   18   37   22   39   40   32   31   22   42   27   0   23   47   26   31   47   36   86   28   46   54   26   36   23   31   44   33   16   34   42   39   33   46   58   77   71   60   19   34   50   72   54   44   36   20   40   52   2   6   51   28   47   21   43   9   53   17   19   77   17   33   78   22   29   35   40   29   49   35   46   37   21   20   20   48   
74   52   81   50   57   66   63   72   50   73   83   62   65   57   71   48   67   66   57   81   90   33   59   74   61   45   64   49   66   67   59   58   49   69   54   27   0   74   53   49   74   63   113   55   73   67   53   63   50   58   71   60   43   61   69   59   60   73   85   104   75   87   46   26   77   76   81   71   63   47   67   79   29   33   78   55   39   48   70   36   80   44   46   95   44   60   105   49   56   62   67   47   49   62   67   64   48   47   47   75   
87   16   52   44   49   37   56   64   28   50   54   38   36   35   35   19   2   44   21   53   32   38   49   39   55   16   69   26   18   55   35   29   27   47   25   49   46   0   24   53   60   40   93   34   51   52   49   49   36   49   42   56   63   32   47   33   39   47   68   78   69   50   17   33   51   70   45   49   46   18   45   61   25   29   42   33   46   46   41   32   66   20   42   90   40   36   84   43   42   67   53   52   56   48   49   43   19   43   18   55   
102   50   66   72   64   58   66   79   45   76   76   59   70   52   69   38   74   59   55   29   57   55   42   35   82   83   75   52   71   83   44   58   44   64   54   77   66   90   0   32   76   47   69   60   66   50   53   60   47   73   60   60   87   53   62   42   64   65   81   96   58   80   62   9   69   59   38   64   59   57   62   79   62   49   76   48   22   63   60   69   77   48   46   78   60   53   99   77   53   84   64   30   32   59   50   60   47   63   47   58   
90   40   63   68   56   33   63   71   35   66   66   34   69   42   59   58   66   40   45   49   56   45   10   53   57   60   76   42   61   62   41   48   34   35   44   50   56   80   20   0   54   15   89   28   58   25   48   53   40   48   49   55   59   28   54   39   33   41   61   72   65   72   60   29   45   66   58   56   39   25   52   55   30   39   66   40   42   38   68   37   70   16   52   94   50   28   77   67   45   74   56   50   52   52   45   37   15   53   37   62   
96   35   56   63   35   39   51   50   30   59   55   31   40   37   54   62   45   37   40   55   49   29   16   38   63   59   60   37   56   68   39   43   29   41   39   56   51   75   26   6   0   21   95   34   53   31   33   46   46   54   55   40   65   34   49   45   39   17   67   48   28   66   60   35   21   29   23   51   45   31   47   56   36   34   53   35   48   44   63   43   76   22   43   94   45   34   83   62   51   58   62   56   2   55   30   43   21   48   32   57   
125   61   88   77   69   77   70   84   56   80   92   59   82   63   80   68   79   64   66   93   96   30   70   84   64   93   61   63   82   94   80   58   76   75   54   78   77   90   64   82   76   0   133   74   71   79   80   60   47   55   74   87   94   72   67   78   75   76   82   103   104   85   68   73   80   102   89   69   60   69   73   97   74   60   87   53   86   45   89   70   77   60   71   101   71   87   120   76   53   59   64   83   78   59   89   74   59   74   58   83   
91   34   55   3   24   25   8   33   29   48   72   26   63   36   50   22   34   32   39   62   60   41   26   42   59   48   72   36   50   48   33   42   30   43   38   53   50   72   34   16   63   31   0   44   52   41   34   49   36   50   49   41   61   20   48   31   15   50   63   59   57   49   49   43   32   54   63   49   41   41   46   35   46   33   60   34   56   40   11   53   65   32   30   18   44   37   60   61   42   70   53   14   65   48   34   19   31   28   31   56   
81   24   45   52   40   37   47   53   19   50   62   38   53   26   43   49   50   35   29   56   59   27   49   47   36   59   58   26   45   57   23   32   39   38   28   52   40   62   27   41   49   40   70   0   42   47   43   39   26   52   39   50   66   32   38   21   5   44   59   75   69   56   47   36   48   70   53   40   37   32   36   27   37   23   50   24   49   42   52   44   56   23   36   80   34   50   50   51   32   56   43   46   51   38   52   9   22   37   21   46   
90   19   56   47   34   44   5   30   41   40   57   45   68   48   38   56   44   50   24   51   45   50   56   42   30   53   68   16   60   66   35   34   43   60   35   44   17   73   31   49   43   30   91   41   0   68   23   49   38   58   50   30   60   39   53   33   27   56   52   56   71   46   54   40   29   51   37   17   30   36   58   49   41   32   45   39   53   53   45   48   68   27   13   48   11   43   72   46   44   79   55   55   45   48   56   31   26   46   43   42   
104   54   62   82   70   47   77   85   49   80   80   48   83   56   73   72   80   54   59   63   89   59   59   67   76   74   87   56   75   76   55   62   48   68   58   75   70   94   34   66   87   70   103   44   72   0   62   71   58   70   63   69   73   42   68   53   49   76   89   106   79   86   75   43   80   80   72   70   67   39   66   71   44   53   80   54   56   62   82   51   88   30   66   112   64   67   94   81   64   88   75   64   66   70   59   53   29   67   51   76   
96   25   66   53   11   46   55   26   41   64   63   44   50   48   44   33   21   50   30   28   56   52   46   48   49   30   83   45   37   69   44   43   41   60   39   56   55   74   38   52   46   59   68   48   64   64   0   45   32   40   56   7   72   41   60   42   53   33   53   64   74   42   31   32   37   59   54   62   31   32   58   72   39   38   51   46   45   30   55   46   49   34   19   73   49   20   69   52   37   81   48   53   48   44   53   31   33   52   32   48   
121   68   81   90   54   55   89   69   63   80   99   56   96   70   87   71   64   62   73   66   94   74   67   72   89   78   95   70   80   95   63   67   67   82   69   83   84   108   37   69   73   84   87   63   84   19   81   0   66   80   79   88   92   50   81   61   68   84   72   115   87   85   79   46   88   88   75   83   78   58   80   44   60   67   94   67   59   70   93   67   96   49   62   48   78   85   104   95   72   103   83   67   69   56   78   72   48   81   65   90   
80   30   63   46   53   41   50   68   32   33   68   42   66   39   37   23   45   48   23   57   57   42   45   41   38   59   51   39   41   59   41   33   31   51   29   53   48   43   28   35   29   50   86   38   55   32   47   13   0   51   46   54   67   36   51   39   43   46   63   56   57   69   21   37   50   58   52   53   50   22   49   57   29   31   56   37   50   56   45   23   30   24   24   54   42   58   88   45   6   71   17   38   31   12   53   27   23   41   22   53   
88   33   59   58   42   49   56   57   28   41   37   4   62   35   49   42   52   10   35   59   68   38   15   53   9   47   56   35   54   45   37   21   27   47   17   41   49   61   36   28   22   43   96   33   51   37   31   18   45   0   37   38   57   44   47   50   38   39   66   70   50   65   48   45   43   51   45   49   44   41   45   53   43   32   59   33   58   43   61   50   75   32   45   66   43   33   79   57   50   67   61   34   24   17   52   42   31   25   30   55   
109   57   73   79   68   63   73   73   52   32   79   54   64   59   76   45   44   60   62   36   64   53   40   42   59   58   82   59   60   90   51   65   51   65   61   80   73   97   7   30   72   45   76   58   73   55   57   67   54   50   0   64   89   58   69   49   63   71   88   90   52   87   59   16   63   53   45   71   66   55   69   85   60   56   83   55   29   68   67   67   84   46   53   85   67   58   70   84   60   82   71   37   26   66   54   67   45   70   54   29   
89   18   59   46   4   39   48   19   34   57   56   37   43   41   37   26   14   43   23   60   58   45   48   41   42   23   76   38   30   62   37   36   34   53   32   49   48   67   31   45   39   52   100   41   57   57   49   38   25   33   49   0   65   34   53   35   46   26   46   57   67   35   24   25   30   52   47   55   24   25   51   65   32   31   44   39   38   23   48   39   55   27   12   79   42   13   62   45   30   74   41   46   41   37   46   24   26   45   25   41   
31   19   38   47   35   23   42   50   14   45   56   24   22   21   38   5   45   30   24   39   54   24   30   31   43   2   55   21   23   33   23   15   13   33   11   35   35   59   10   41   46   35   70   20   37   38   37   38   27   35   28   44   0   18   33   29   25   33   53   64   55   51   3   18   37   56   48   35   32   4   31   47   11   18   45   19   31   32   27   18   57   6   31   81   29   22   70   46   33   53   41   39   41   37   35   29   5   32   4   41   
71   21   35   49   33   5   40   48   16   47   59   6   46   23   40   39   43   12   26   53   56   24   17   44   39   51   55   23   42   54   13   23   36   35   19   33   37   59   24   31   45   37   93   34   35   48   40   29   16   30   29   47   49   0   31   11   35   34   50   65   37   49   37   33   38   38   50   33   28   29   33   57   34   20   47   17   46   20   49   39   46   20   33   70   31   35   80   48   22   53   33   43   47   28   39   29   19   34   18   43   
87   16   41   44   2   37   50   17   29   49   54   38   46   36   35   29   12   44   21   53   69   39   49   39   55   26   59   36   28   63   35   1   28   48   35   59   46   70   24   47   66   34   93   44   52   62   49   50   37   59   17   56   73   32   0   33   46   56   49   86   69   18   27   33   60   50   22   2   47   28   46   63   35   29   42   34   46   52   51   42   67   30   10   91   40   46   80   43   43   68   54   52   43   49   48   40   29   43   28   39   
60   32   24   51   22   16   29   37   27   38   70   17   35   34   42   28   32   17   28   54   55   35   28   46   43   46   56   34   46   62   2   21   36   46   30   42   41   48   25   20   34   35   91   43   24   37   47   18   5   41   18   54   48   11   20   0   46   23   39   54   48   38   26   34   27   49   42   22   17   27   44   62   34   31   58   6   47   31   50   28   35   29   29   59   35   46   86   50   11   64   22   43   36   17   50   18   28   45   27   47   
76   19   40   47   35   32   42   48   14   45   57   33   48   21   38   44   45   30   24   51   54   45   44   42   58   54   72   21   40   52   18   27   34   33   23   47   35   57   22   36   50   35   65   32   37   42   38   34   21   57   34   45   61   27   33   16   0   39   54   70   64   51   42   31   43   65   48   35   32   27   31   22   32   18   45   19   44   47   47   39   51   18   31   75   29   45   45   46   27   74   38   41   52   33   47   4   17   32   16   41   
100   32   69   60   18   52   61   33   42   65   68   44   53   49   51   45   28   50   37   68   32   42   29   28   49   42   73   41   44   59   51   34   41   54   51   53   42   66   39   19   13   34   82   47   56   44   45   47   53   67   50   52   69   47   61   49   52   0   50   31   41   49   43   48   4   26   36   63   28   44   59   39   49   25   36   47   61   57   67   56   83   35   26   95   36   47   92   59   59   71   53   48   15   46   43   56   34   39   44   51   
101   30   47   58   18   46   25   33   25   55   68   47   31   32   49   45   28   13   35   24   52   35   42   53   50   42   66   32   44   63   34   17   24   44   34   58   37   70   30   40   63   46   64   43   20   65   43   62   51   60   23   50   72   41   16   47   44   56   0   76   64   34   43   39   49   65   38   18   43   38   42   59   36   29   56   2   52   50   58   43   81   29   26   68   31   56   82   57   57   64   68   38   49   61   58   48   28   43   27   52   
83   12   47   40   32   39   55   47   37   38   50   40   64   44   27   28   42   46   17   55   1   47   51   31   51   56   78   41   46   59   25   3   36   56   34   58   42   48   26   43   62   55   95   43   53   61   45   46   33   56   19   52   72   34   30   29   48   52   45   0   70   48   26   35   56   68   41   32   40   27   54   70   34   25   38   35   48   54   49   28   63   29   6   87   36   52   76   39   39   76   22   48   44   45   58   36   28   39   27   35   
82   28   28   48   16   48   41   31   27   31   27   30   12   34   47   38   26   35   33   33   41   1   41   10   35   35   32   34   42   65   47   29   46   20   25   35   48   61   35   48   44   48   73   45   42   47   5   28   18   26   45   12   51   43   38   45   29   38   53   69   0   47   36   37   42   1   45   40   31   37   44   51   37   31   54   24   50   16   60   41   48   31   22   72   42   25   74   47   24   30   35   46   46   27   2   33   30   45   29   33   
98   41   62   69   57   49   64   72   36   51   79   50   48   43   60   31   14   52   46   65   76   50   61   57   69   28   81   38   30   67   40   41   39   55   37   61   57   81   36   58   72   52   105   46   59   64   60   56   43   61   54   67   75   44   55   38   51   59   76   90   81   0   29   45   63   82   70   57   54   30   53   73   37   40   67   41   58   58   53   44   73   32   53   97   51   48   88   68   49   79   60   63   68   55   61   26   31   54   30   63   
77   16   42   44   32   20   39   47   11   42   53   21   45   18   35   2   42   27   21   36   51   21   32   39   40   47   52   18   20   38   20   12   10   30   8   32   32   56   7   38   43   32   76   17   34   35   34   43   31   32   25   41   46   15   30   26   22   30   51   61   52   48   0   16   34   53   45   32   29   1   28   44   8   15   42   16   29   35   24   15   61   3   28   82   26   40   67   43   36   50   47   37   39   42   32   26   2   29   1   38   
93   43   57   71   55   49   62   70   58   71   76   50   61   65   62   29   65   50   48   70   79   50   33   49   73   74   81   65   73   85   35   54   57   58   61   68   73   81   41   23   67   38   110   51   57   41   44   51   38   64   51   51   81   44   53   33   56   56   72   87   49   71   53   0   60   50   72   55   50   48   75   75   53   56   69   39   13   54   51   60   68   39   37   69   67   44   93   70   44   79   55   21   23   50   41   51   38   68   54   66   
99   39   69   67   45   59   57   60   38   61   77   60   72   45   54   52   55   54   44   64   28   48   56   58   45   57   79   37   64   55   47   30   37   57   47   65   38   62   46   46   58   51   104   56   52   71   41   60   59   68   46   48   68   54   57   54   57   55   72   27   86   75   53   55   0   22   68   59   51   51   55   72   56   21   32   43   68   58   66   55   89   42   33   100   32   48   97   66   65   77   49   44   60   59   64   61   41   35   40   62   
98   27   68   55   64   60   73   79   57   69   65   61   54   64   46   71   74   61   32   42   70   67   60   50   66   76   93   56   83   74   46   65   56   76   66   82   57   81   65   64   77   70   82   55   68   80   60   61   48   85   62   67   84   55   64   44   60   67   60   98   92   82   69   74   71   0   56   64   61   70   74   82   75   40   53   50   87   75   85   71   78   41   21   100   51   67   91   54   54   96   65   63   79   60   70   51   60   54   59   50   
83   12   38   40   28   28   28   43   7   38   50   29   41   14   31   42   38   23   17   44   47   17   40   35   51   47   37   14   33   45   16   20   6   26   16   40   28   52   15   34   51   28   84   25   30   54   31   44   33   42   33   38   54   23   26   29   26   38   47   64   60   44   48   24   42   61   0   28   25   20   24   41   25   11   38   12   31   32   40   32   61   11   24   78   22   38   71   39   39   46   48   34   47   43   40   30   10   25   9   34   
103   32   39   60   48   48   48   47   27   58   70   49   61   34   51   62   58   43   37   64   67   37   60   55   71   67   57   34   53   65   36   17   26   46   36   60   48   72   35   54   71   32   104   45   50   74   51   64   53   62   33   58   74   43   46   49   46   58   67   84   80   63   68   44   62   81   20   0   45   40   44   61   45   31   58   32   51   52   60   52   81   31   44   98   42   58   91   59   59   66   68   54   59   63   60   50   30   45   29   54   
72   50   69   48   40   64   47   55   47   42   81   60   53   54   50   46   50   35   36   46   74   31   51   54   59   43   57   47   64   65   56   29   46   66   25   25   48   72   41   41   35   56   86   53   42   38   51   19   48   56   45   58   41   59   38   64   58   47   22   78   63   56   44   50   51   64   58   40   0   45   33   63   27   31   76   24   63   46   68   34   78   42   44   67   42   58   84   47   54   60   65   54   37   18   65   62   46   45   45   43   
86   15   41   43   31   31   38   46   10   41   53   32   44   17   34   45   41   26   20   47   50   20   43   38   39   50   51   17   36   37   19   23   9   29   19   43   31   55   18   37   52   31   87   28   33   34   34   42   36   31   24   41   57   26   29   32   29   41   50   67   63   47   50   27   45   64   44   31   28   0   27   44   7   14   41   15   40   35   43   14   66   14   27   81   25   41   74   42   35   49   46   37   50   41   43   33   13   28   12   37   
106   44   70   72   65   62   72   54   44   75   82   63   68   51   63   70   69   60   49   81   72   75   44   67   83   67   102   51   70   82   48   57   64   63   53   77   65   87   52   34   80   49   95   62   67   59   68   64   51   82   64   75   91   57   63   46   30   69   77   71   94   70   68   61   44   66   73   65   62   57   0   52   62   48   70   49   58   72   77   69   81   48   38   105   59   62   51   71   57   104   68   71   82   63   77   34   47   62   46   10   
95   24   65   46   40   40   47   55   19   50   62   41   53   26   43   27   50   35   29   56   59   50   52   47   48   45   78   26   45   57   43   32   39   38   28   52   40   64   27   48   56   40   43   37   42   59   43   40   27   63   45   50   66   35   38   41   38   50   59   76   72   56   46   36   54   73   53   40   37   32   36   0   16   23   50   24   49   55   49   23   57   23   36   56   34   50   60   51   33   78   44   46   58   39   52   42   22   37   21   46   
98   48   71   68   64   41   34   59   43   55   54   42   77   50   59   45   67   48   45   57   83   53   53   61   32   68   84   50   63   70   49   55   42   62   51   69   64   65   28   51   45   64   93   26   66   67   56   62   52   64   57   63   67   36   62   47   31   62   83   85   73   75   43   37   58   72   66   64   61   33   60   50   0   47   74   48   50   56   67   7   82   24   60   96   58   61   76   67   28   82   39   58   47   64   53   35   23   61   44   70   
78   19   48   47   24   38   45   39   17   40   57   39   51   24   38   31   34   33   24   48   57   27   35   42   56   36   58   16   43   34   26   30   16   36   26   44   17   41   25   25   53   30   88   35   40   50   20   39   38   47   43   27   47   33   36   33   36   40   52   71   70   54   37   34   44   66   48   38   30   30   34   51   35   0   45   22   47   37   45   42   68   21   13   87   11   27   76   46   44   56   55   23   55   38   43   40   20   14   19   42   
122   55   77   83   41   65   77   56   56   85   81   57   61   63   74   68   51   38   60   81   55   51   42   51   13   65   82   63   67   82   65   57   55   67   65   76   65   89   52   32   26   47   105   60   79   57   59   70   68   76   73   66   91   60   75   69   53   23   73   54   54   72   66   61   27   49   49   77   51   57   73   62   62   48   0   61   74   66   89   69   98   48   49   77   59   60   98   82   74   80   76   71   28   69   56   57   47   62   58   74   
101   30   45   58   16   51   23   31   43   53   68   52   29   50   49   43   26   11   35   57   63   53   61   53   48   40   73   34   42   77   49   15   42   62   49   62   35   84   28   51   61   48   97   58   18   76   41   64   51   71   21   48   78   46   14   47   45   70   63   74   62   32   41   37   47   63   36   16   48   42   60   67   49   43   56   0   50   66   63   56   81   44   24   66   29   60   80   57   57   82   68   58   47   63   62   49   43   57   42   50   
117   56   82   84   62   60   79   77   51   82   93   61   85   58   75   42   72   67   61   76   91   61   72   79   80   86   92   58   60   78   60   52   50   70   48   72   72   96   47   78   83   72   116   57   74   75   74   83   71   72   65   81   86   55   70   66   62   70   91   101   92   88   40   56   74   93   85   72   69   41   68   84   48   55   82   56   0   75   64   55   101   43   68   56   66   80   107   83   76   90   87   77   79   82   72   66   42   69   41   78   
80   16   57   44   32   32   25   47   11   35   47   14   45   18   35   25   42   20   21   48   51   39   25   39   19   51   53   18   37   49   35   13   31   30   9   33   32   45   19   37   31   32   88   29   34   34   35   15   2   10   29   42   49   27   30   33   30   31   37   58   59   48   23   28   35   57   45   32   15   24   28   52   29   15   42   16   41   0   44   25   32   15   26   56   26   42   75   43   8   68   19   38   33   14   44   29   14   29   13   38   
81   25   51   53   34   41   48   49   20   37   63   42   54   27   44   34   44   36   30   51   60   30   38   48   64   39   61   27   46   37   29   33   19   39   29   53   41   65   28   28   58   41   67   38   43   53   23   42   46   55   46   30   50   36   39   42   39   51   60   77   73   57   40   37   55   74   54   38   38   33   37   24   38   24   51   25   50   45   0   45   72   24   37   80   35   43   84   52   52   59   63   26   60   41   46   43   23   17   22   47   
91   41   64   61   57   34   27   52   36   48   47   35   70   43   52   38   60   41   38   50   76   46   46   54   53   61   77   43   56   63   42   48   35   55   44   62   57   58   21   53   66   57   86   19   59   60   49   55   45   57   50   56   60   29   55   40   24   63   76   78   66   68   36   30   51   65   59   57   54   26   53   43   31   40   67   41   43   49   60   0   75   17   53   99   51   54   69   60   21   75   32   51   53   57   46   28   16   54   37   63   
75   19   45   47   28   28   38   43   14   39   57   29   48   21   38   28   38   30   24   45   54   24   32   42   36   33   55   21   40   31   23   27   13   33   23   47   35   49   22   22   35   35   56   30   37   38   17   19   6   49   40   24   44   23   33   34   33   45   54   62   60   51   27   31   49   61   48   35   32   27   31   48   4   18   45   19   44   39   47   11   0   18   30   24   29   37   78   46   12   53   23   20   37   18   40   33   17   11   16   41   
74   38   59   66   43   51   61   58   33   54   50   52   65   40   57   48   53   49   43   60   73   41   63   37   50   45   72   40   59   71   37   46   53   52   42   66   54   76   41   55   63   54   84   14   56   61   32   53   40   66   53   39   43   46   52   35   19   58   73   89   83   70   46   50   62   68   67   54   51   46   50   41   51   37   64   38   63   56   66   58   70   0   50   94   48   52   64   65   46   70   57   60   65   52   29   23   36   51   35   60   
77   6   47   34   43   39   52   58   36   48   44   40   58   43   25   50   53   40   11   63   63   46   51   29   45   55   72   35   62   53   25   44   35   55   45   61   36   60   44   43   56   49   103   54   47   59   39   40   27   64   41   46   66   34   43   23   55   46   39   77   71   61   48   53   50   62   35   43   40   49   53   70   54   19   32   29   66   54   64   50   57   40   0   81   30   46   70   33   33   75   44   42   58   39   62   30   39   33   38   29   
73   20   37   48   6   7   42   21   18   49   58   8   48   25   39   33   16   14   25   55   58   26   19   43   41   30   57   25   32   56   15   25   38   37   21   35   39   61   26   33   47   39   95   36   37   50   42   31   18   32   31   49   51   2   33   13   37   36   52   67   39   37   31   35   40   40   49   35   30   31   35   59   36   22   46   19   48   22   51   41   48   22   14   0   33   37   82   47   24   55   35   45   49   30   41   31   21   36   20   43   
79   8   46   36   44   38   51   59   38   29   46   39   57   45   27   50   41   39   13   59   65   39   50   31   47   51   70   5   57   55   24   28   37   57   24   33   6   62   46   42   54   19   99   47   46   57   41   38   27   47   40   48   49   33   42   22   52   45   41   76   70   60   48   32   49   64   37   44   19   49   52   58   35   21   34   28   45   53   34   42   57   33   2   81   0   48   72   35   33   68   44   44   55   37   62   32   41   35   40   31   
83   26   66   54   31   42   35   46   21   44   57   24   55   28   45   34   41   30   31   57   45   40   35   41   29   54   63   28   47   52   44   23   34   40   19   36   35   54   29   32   26   42   95   39   44   44   38   25   12   20   39   45   52   37   40   43   40   13   33   44   54   58   32   38   17   39   49   42   11   33   38   52   38   18   49   26   51   10   54   34   42   25   31   66   29   0   49   53   17   69   28   41   28   24   54   39   24   32   23   48   
89   33   52   61   49   23   56   3   28   52   70   24   36   35   52   19   33   30   38   53   68   38   35   45   57   16   69   28   37   55   31   29   27   47   25   49   49   73   24   49   60   42   93   34   51   52   51   47   34   48   42   58   63   18   47   29   39   47   68   78   55   19   17   33   51   56   62   49   46   18   45   61   25   32   59   33   46   38   41   32   64   20   44   88   43   36   0   60   40   67   51   54   56   46   49   43   19   46   18   55   
92   34   56   1   46   47   61   41   49   38   34   38   67   56   53   20   50   44   39   61   70   57   24   40   64   64   88   16   66   76   34   39   48   49   35   59   38   80   32   14   61   29   101   42   56   39   35   42   37   55   50   42   73   42   52   32   47   48   67   79   79   57   58   41   52   52   63   54   46   39   66   66   44   47   60   38   54   45   42   51   63   30   28   87   58   35   84   0   43   86   54   12   63   49   32   50   29   59   51   57   
74   31   57   40   47   35   44   62   26   27   64   36   60   33   31   17   39   42   17   51   66   36   44   35   32   53   67   33   35   53   35   27   25   45   23   47   42   37   22   34   45   47   91   32   49   50   45   50   46   45   40   52   61   30   45   41   37   45   66   76   67   63   15   31   49   68   60   47   44   16   43   59   23   25   57   31   44   50   39   17   76   18   38   96   36   52   82   39   0   65   11   32   47   49   47   41   17   39   16   53   
76   33   29   42   49   37   46   64   28   29   66   38   62   35   33   19   41   44   19   53   68   38   49   37   56   55   2   35   37   55   37   29   27   47   25   49   44   39   24   46   60   49   82   34   51   52   43   45   32   47   42   50   63   32   47   43   39   47   68   78   69   65   17   33   51   70   62   49   46   18   45   61   25   27   59   33   46   52   41   19   26   20   40   50   38   54   84   41   38   0   13   44   56   44   49   43   19   37   18   55   
63   20   46   29   36   24   33   51   15   16   53   25   49   22   20   6   28   31   6   40   55   25   36   24   43   42   56   22   24   42   24   16   14   34   12   36   31   26   11   33   47   36   80   21   38   39   34   47   35   34   29   41   50   19   34   30   26   34   55   65   56   52   4   20   38   57   49   36   33   5   32   48   12   14   46   20   33   39   28   6   65   7   27   86   25   41   71   28   27   54   0   31   43   46   36   30   6   28   5   42   
80   22   44   50   34   35   49   49   37   58   60   36   55   44   41   8   44   37   27   49   58   47   12   28   52   53   76   44   60   64   22   41   36   37   42   47   52   68   20   2   49   17   89   30   44   27   23   38   25   43   38   30   61   30   40   20   35   36   55   67   67   58   46   29   40   62   51   42   34   27   54   54   32   35   48   26   42   33   30   39   51   18   16   75   46   23   72   49   31   76   42   0   51   37   20   38   17   47   39   45   
94   44   54   72   42   37   67   57   39   57   53   38   38   46   63   62   48   44   49   53   60   27   14   36   61   61   58   46   64   66   45   52   38   39   48   54   60   84   24   4   58   19   93   32   62   29   31   54   44   52   53   38   63   32   58   43   37   45   65   76   26   73   62   33   49   27   62   60   43   29   56   59   34   43   70   44   46   42   72   41   74   20   48   98   54   32   81   71   49   56   60   54   0   53   28   41   19   57   41   59   
84   45   73   41   50   56   68   65   43   24   72   46   57   50   32   47   36   52   18   67   66   46   33   36   51   50   39   42   52   60   52   56   42   58   52   70   43   67   38   23   17   38   88   51   66   20   40   1   63   42   69   47   73   51   62   59   56   34   73   65   45   80   51   47   38   46   40   50   56   48   60   45   53   26   70   48   60   61   69   56   63   39   39   49   37   51   100   40   68   75   50   39   19   0   47   60   38   40   45   59   
99   28   67   56   14   49   58   29   44   49   66   47   53   51   47   36   24   53   33   31   59   55   49   8   52   33   64   48   40   72   47   44   44   63   40   59   58   77   38   48   42   62   71   48   65   45   3   26   35   43   59   10   75   44   61   45   53   36   56   67   70   45   34   35   40   62   57   63   34   35   61   70   42   41   54   47   48   33   58   49   52   34   22   74   52   23   72   55   40   84   51   56   44   25   0   34   33   55   35   31   
72   15   36   43   31   28   38   46   10   41   53   29   44   17   34   40   41   26   20   47   50   41   40   38   54   50   68   17   36   48   14   23   30   29   19   43   31   55   18   32   46   31   87   28   33   38   34   30   17   53   30   41   57   23   29   12   29   35   50   66   60   47   38   27   39   61   44   31   28   23   27   51   28   14   41   15   40   43   43   35   47   14   27   71   25   41   74   42   23   70   34   37   48   29   43   0   13   28   12   37   
75   25   48   53   41   18   48   56   20   51   51   19   54   27   44   43   51   25   30   34   60   30   30   38   47   45   61   27   46   47   26   33   19   39   29   46   41   65   5   37   58   41   74   15   43   44   33   42   29   41   34   40   44   13   39   24   20   47   60   77   50   57   46   14   51   51   43   41   38   10   37   42   15   24   51   25   27   33   53   22   59   1   37   83   35   38   65   52   35   59   46   35   37   41   30   24   0   38   22   47   
64   8   34   36   17   24   31   32   3   34   46   25   37   10   27   17   27   19   13   34   43   13   21   31   47   22   44   10   29   20   12   16   2   22   12   36   24   48   11   11   41   24   74   21   26   36   6   25   29   38   29   13   33   19   22   25   22   34   43   60   56   40   23   20   38   57   37   24   21   16   20   37   21   7   34   8   33   28   36   28   55   7   20   73   18   26   67   35   35   42   46   9   43   24   29   26   6   0   5   30   
76   26   49   54   42   19   49   57   21   52   52   20   55   28   45   44   52   26   31   35   61   31   31   39   48   46   62   28   47   48   27   11   20   40   7   31   42   66   6   38   42   42   75   16   44   45   33   43   30   42   27   40   45   14   40   25   21   29   61   60   51   58   47   15   33   52   44   42   39   11   38   43   16   25   52   26   28   34   31   23   60   2   38   84   36   39   66   53   36   60   47   36   38   42   31   25   1   39   0   48   
130   73   93   101   79   64   91   44   69   93   111   65   77   76   88   60   59   71   78   94   62   79   76   86   79   57   110   69   75   89   72   64   68   88   64   88   72   96   65   80   92   83   134   75   86   93   75   88   75   89   80   82   102   59   88   70   80   86   106   61   96   60   58   74   34   56   102   90   85   59   86   102   66   55   66   74   87   79   82   73   105   61   67   129   66   77   41   100   81   108   83   78   94   87   90   84   60   69   59   0   


Total Time taken: 7027 milliseconds 
Time taken to find solution: 3601 milliseconds 
 Total comparisons for creating graph, showing graph, and finding the shortest path : 1155453
 Number of comparisons for finding shortest path : 1085253